45.2717
42.0586
41.9614
38.3471
37.5677
36.115
35.3642
31.6793
30.7355
30.7355
30.6469
28.4458
26.2278
26.2278
26.2278
25.166
25.1027
24.208
23.3987
23.3647
22.8558
22.5145
20.7996
19.3823
19.3823
19.3108
18.0567
18.0567
17.9042
17.9042
17.3153
15.8446
15.8446
15.339
15.339
14.3906
14.3906
14.3587
14.3587
13.7612
13.6061
13.4036
11.7759
11.0006
11.0006
11.0006
9.37285
9.37285
9.37285
9.37285
7.99983
7.99983
7.99983
7.96871
7.89515
7.46833
7.46833
7.37848
7.17018
7.17018
7.04247
7.04247
7.04247
6.80267
6.80267
6.7978
6.57364
6.27386
6.27386
6.03478
6.03478
5.84258
5.50796
5.50796
5.38528
5.31576
5.23977
5.23977
3.9294
3.9294
3.9294
3.62193
3.62193
3.62193
3.59104
3.59104
3.46873
3.46873
3.46873
3.27813
3.27813
3.27813
3.27813
3.27813
3.27813
3.27813
3.27813
3.11729
3.11729
3.11729
3.11729
2.95998
2.76821
2.76821
2.76821
2.76821
2.76821
2.73732
2.73732
2.73732
2.73732
2.73237
2.44414
2.44414
2.44249
2.44249
2.43918
2.42675
2.42675
2.29482
2.29482
2.29482
2.21184
2.21184
2.21184
2.21184
2.21184
2.21184
2.21184
2.21184
2.1455
2.1455
2.1455
2.1455
2.1455
2.1455
2.1455
2.1455
2.1455
2.1455
2.1455
2.1455
2.11995
2.11995
2.11995
2.11995
2.11995
2.11637
2.11487
2.11487
2.11141
2.11141
2.11141
2.11141
2.10633
2.10633
2.10633
2.10633
2.10633
2.10633
2.10633
2.10633
2.10633
2.10633
2.10633
2.10633
2.10096
2.10096
2.10096
2.10096
2.10096
2.10096
2.10096
2.10096
2.10096
2.10096
2.10096
2.10096
2.10096
2.10096
2.10096
2.10096
2.10096
2.10096
2.10096
2.10096
2.10096
2.10096
2.10096
2.10096
2.10096
2.10096
2.10096
2.10096
2.10096
2.10096
2.10096
2.10096
2.10096
2.10096
2.10096
2.10096
2.10096
2.10096
2.10096
2.10096
2.10096
2.10096
2.10096
2.10096
2.10096
2.10096
2.10096
2.10096
2.10096
2.10096
2.10096
2.10096
2.10096
2.10096
2.10096
2.10096
2.10096
2.10096
2.10096
2.10096
2.10096
2.10096
2.10096
2.10096
2.10096
2.10096
2.10096
2.10096
2.10096
2.10096
2.10096
2.10096
2.10096
2.10096
2.10096
2.10096
2.10096
2.10096
2.10096
2.10096
2.10096
2.10096
2.10096
2.10096
2.10096
2.10096
2.10096
2.10096
2.10096
2.10096
2.10096
2.10096
2.10096
2.10096
2.10096
2.10096
2.10096
2.10096
2.10096
2.10096
2.10096
2.10096
2.10096
2.10096
2.10096
2.10096
2.10096
2.10096
2.10096
2.10096
2.10096
2.10096
2.10096
2.10096
2.10096
2.10096
2.10096
2.10096
2.10096
2.10096
2.10096
2.10096
2.10096
2.10096
2.10096
2.10096
2.10096
2.10096
2.10096
2.10096
2.10096
2.10096
2.10096
2.10096
2.10096
2.10096
2.10096
2.10096
2.10096
2.10096
2.10096
2.10096
2.10096
2.10096
2.10096
2.10096
2.10096
2.10096
2.10096
2.10096
2.10096
2.10096
2.10096
2.10096
2.10096
2.10096
2.10096
2.10096
2.10096
2.10096
2.10096
2.10096
2.10096
2.10096
2.10096
2.10096
2.10096
2.10096
2.10096
2.10096
2.10096
2.10096
2.10096
2.10096
2.10096
2.10096
2.10096
2.10096
2.10096
2.10096
2.10096
2.10096
2.10096
2.10096
2.10096
2.10096
2.10096
2.10096
2.10096
2.10096
2.10096
2.10096
2.10096
2.10096
2.10096
2.10096
2.10096
2.10096
2.10096
2.10096
2.10096
2.10096
2.10096
2.10096
2.10096
2.10096
2.10096
2.10096
2.10096
2.10096
2.10096
2.10096
2.10096
2.10096
2.10096
2.10096
2.10096
2.10096
2.10096
2.10096
2.10096
2.10096
2.10096
2.10096
2.10096
2.10096
2.10096
2.10096
2.10096
2.10096
2.10096
2.10096
2.10096
2.10096
2.10096
2.10096
2.10096
2.10096
2.10096
2.10096
2.10096
2.10096
2.10096
2.10096
2.10096
2.10096
2.10096
2.10096
2.10096
2.10096
2.10096
2.10096
2.10096
2.10096
2.10096
2.10096
2.10096
2.10096
2.10096
2.10096
2.10096
2.10096
2.10096
2.10096
2.10096
2.10096
2.10096
2.10096
2.10096
2.10096
2.10096
2.10096
2.10096
2.10096
2.10096
2.10096
2.10096
2.10096
2.10096
2.10096
2.10096
2.10096
2.10096
2.10096
2.10096
2.10096
2.10096
2.10096
2.10096
2.10096
2.10096
2.10096
2.10096
2.10096
2.10096
2.10096
2.10096
2.10096
2.10096
2.10096
2.10096
2.10096
2.10096
2.10096
2.10096
2.10096
2.10096
2.10096
2.10096
2.10096
2.10096
2.10096
2.10096
2.10096
2.10096
2.10096
2.10096
2.10096
2.10096
2.10096
2.10096
2.10096
2.10096
2.10096
2.10096
2.10096
2.10096
2.10096
2.10096
2.10096
2.10096
2.10096
2.10096
2.10096
2.10096
2.10096
2.10096
2.10096
2.10096
2.10096
2.10096
2.10096
2.10096
2.10096
2.10096
2.10096
2.10096
2.10096
2.10096
2.10096
2.10096
2.10096
2.10096
2.10096
2.10096
2.10096
2.10096
2.10096
2.10096
2.10096
2.10096
2.10096
2.10096
2.10096
2.10096
2.10096
2.10096
2.10096
2.10096
2.10096
2.10096
2.10096
2.10096
2.10096
2.10096
2.10096
2.10096
2.10096
2.10096
2.10096
2.10096
2.10096
2.10096
2.10096
2.10096
2.10096
2.10096
2.10096
2.10096
2.10096
2.10096
2.10096
2.10096
2.10096
2.10096
2.10096
2.10096
2.10096
2.10096
2.10096
2.10096
2.10096
2.10096
2.10096
2.10096
2.10096
2.10096
2.10096
2.10096
2.10096
2.10096
2.10096
2.10096
2.10096
2.10096
2.10096
2.10096
2.10096
2.10096
2.10096
2.10096
2.10096
2.10096
2.10096
2.10096
2.10096
2.10096
2.10096
2.10096
2.10096
2.10096
2.10096
2.10096
2.10096
2.10096
2.10096
2.10096
2.10096
2.10096
2.10096
2.10096
2.10096
2.10096
2.10096
2.10096
2.10096
2.10096
2.10096
2.10096
2.10096
2.10096
2.10096
2.10096
2.10096
2.10096
2.10096
2.10096
2.10096
2.10096
2.10096
2.10096
2.10096
2.10096
2.10096
2.10096
2.10096
2.10096
2.10096
2.10096
2.10096
2.10096
2.10096
2.10096
2.10096
2.10096
2.10096
2.10096
2.10096
2.10096
2.10096
2.10096
2.10096
2.10096
2.10096
2.10096
2.10096
2.10096
2.10096
2.10096
2.10096
2.10096
2.10096
2.10096
2.10096
2.10096
2.10096
2.10096
2.10096
2.10096
2.10096
2.10096
2.10096
2.10096
2.10096
2.10096
2.10096
2.10096
2.10096
2.10096
2.10096
2.10096
2.10096
2.10096
2.10096
2.10096
2.10096
2.10096
2.10096
2.10096
2.10096
2.10096
2.10096
2.10096
2.10096
2.10096
2.10096
2.10096
2.10096
2.10096
2.10096
2.10096
2.10096
2.10096
2.10096
2.10096
2.10096
2.10096
2.10096
2.10096
2.10096
2.10096
2.10096
2.10096
2.10096
2.10096
2.10096
2.10096
2.10096
2.10096
2.10096
2.10096
2.10096
2.10096
2.10096
2.10096
2.10096
2.10096
2.10096
2.10096
2.10096
2.10096
2.10096
2.10096
2.10096
2.10096
2.10096
2.10096
2.10096
2.10096
2.10096
2.10096
2.10096
2.10096
2.10096
2.10096
2.10096
2.10096
2.10096
2.10096
2.10096
2.10096
2.10096
2.10096
2.10096
2.10096
2.10096
2.10096
2.10096
2.10096
2.10096
2.10096
2.10096
2.10096
2.10096
2.10096
2.10096
2.10096
2.10096
2.10096
2.10096
2.10096
2.10096
2.10096
2.10096
2.10096
2.10096
2.10096
2.10096
2.10096
2.10096
2.10096
2.10096
2.10096
2.10096
2.10096
2.10096
2.10096
2.10096
2.10096
2.10096
2.10096
2.10096
2.10096
2.10096
2.10096
2.10096
2.10096
2.10096
2.10096
2.10096
2.10096
2.10096
2.10096
2.10096
2.10096
2.10096
2.10096
2.10096
2.10096
2.10096
2.10096
2.10096
2.10096
2.10096
2.10096
2.10096
2.10096
2.10096
2.10096
2.10096
2.10096
2.10096
2.10096
2.10096
2.10096
2.10096
2.10096
2.10096
2.10096
2.10096
2.10096
2.10096
2.10096
2.10096
2.10096
2.10096
2.10096
2.10096
2.10096
2.10096
2.10096
2.10096
2.10096
2.10096
2.10096
2.10096
2.10096
2.10096
2.10096
2.10096
2.10096
2.10096
2.10096
2.10096
2.10096
2.10096
2.10096
2.10096
2.10096
2.10096
2.10096
2.10096
2.10096
2.10096
2.10096
2.10096
2.10096
2.10096
2.10096
2.10096
2.10096
2.10096
2.10096
2.10096
2.10096
2.10096
2.10096
2.10096
2.10096
2.10096
2.10096
2.10096
2.10096
2.10096
2.10096
2.10096
2.10096
2.10096
2.10096
2.10096
2.10096
2.10096
2.10096
2.10096
2.10096
2.10096
2.10096
2.10096
2.10096
2.10096
2.10096
2.10096
2.10096
2.10096
2.10096
2.10096
2.10096
2.10096
2.10096
2.10096
2.10096
2.10096
2.10096
2.10096
2.10096
2.10096
2.10096
2.10096
2.10096
2.10096
2.10096
2.10096
2.10096
2.10096
2.10096
2.10096
2.10096
2.10096
2.10096
2.10096
2.10096
2.10096
2.10096
2.10096
2.10096
2.10096
2.10096
2.10096
2.10096
2.10096
2.10096
2.10096
2.10096
2.10096
2.10096
2.10096
2.10096
2.10096
2.10096
2.10096
2.10096
2.10096
2.10096
2.10096
2.10096
2.10096
2.10096
2.10096
2.10096
2.10096
2.10096
2.10096
2.10096
2.10096
2.10096
2.10096
2.10096
2.10096
2.10096
2.10096
2.10096
2.10096
2.10096
2.10096
2.10096
2.10096
2.10096
2.10096
2.10096
2.10096
2.10096
2.10096
2.10096
2.10096
2.10096
2.10096
2.10096
2.10096
2.10096
2.10096
2.10096
2.10096
2.10096
2.10096
2.10096
2.10096
2.10096
2.10096
2.10096
2.10096
2.10096
2.10096
2.10096
2.10096
