7.01339
6.20397
6.20397
6.20397
5.782
5.782
5.408
5.28767
5.28767
5.02756
5.02756
4.89037
4.6465
4.34802
4.34802
4.34802
4.33494
4.00662
4.00662
3.99897
3.84845
3.51505
3.51505
3.51505
3.50705
3.38503
3.38503
3.05852
2.95282
2.89602
2.81624
2.71549
2.71549
2.58938
2.58938
2.58938
2.56704
2.56015
2.25992
2.05795
2.05795
2.05795
1.97225
1.97225
1.97225
1.97225
1.94644
1.94195
1.88233
1.88233
1.88233
1.88233
1.87585
1.86464
1.81196
1.81196
1.75585
1.75585
1.75585
1.75585
1.62977
1.62977
1.62977
1.59462
1.59462
1.59462
1.59462
1.56716
1.56216
1.55252
1.55252
1.52988
1.52988
1.52988
1.46817
1.46817
1.40624
1.40624
1.39161
1.39161
1.39161
1.3719
1.35124
1.34682
1.33871
1.33871
1.33871
1.28702
1.28702
1.28702
1.28702
1.1832
1.1832
1.1818
1.1818
1.1818
1.1818
1.1818
1.1818
1.1818
1.1818
1.1818
1.17707
1.17707
1.17707
1.17707
1.17707
1.17707
1.17707
1.13038
1.07096
1.07096
1.07096
1.07096
1.07096
1.07096
1.07096
1.07096
1.07096
1.07096
1.07096
1.07096
1.07096
1.07096
1.07096
1.07096
1.07096
1.02427
1.02427
1.01797
1.01797
1.01797
1.01797
1.01797
0.995179
0.995179
0.995179
0.995179
0.995179
0.995179
0.995179
0.995179
0.94849
0.94849
0.94849
0.94849
0.94849
0.936692
0.936692
0.936692
0.936692
0.936692
0.936692
0.936692
0.936692
0.936692
0.936692
0.936692
0.936692
0.936692
0.936692
0.936692
0.936692
0.936692
0.936692
0.936692
0.936692
0.936692
0.936692
0.936692
0.936692
0.936692
0.936692
0.936692
0.936692
0.936692
0.936692
0.936692
0.936692
0.936692
0.936692
0.936692
0.936692
0.936692
0.936692
0.936692
0.936692
0.936692
0.936692
0.936692
0.936692
0.936692
0.936692
0.936692
0.936692
0.936692
0.936692
0.936692
0.936692
0.936692
0.936692
0.936692
0.936692
0.936692
0.936692
0.936692
0.936692
0.936692
0.936692
0.936692
0.936692
0.936692
0.936692
0.936692
0.936692
0.936692
0.936692
0.936692
0.936692
0.936692
0.936692
0.936692
0.936692
0.936692
0.936692
0.936692
0.936692
0.936692
0.936692
0.936692
0.936692
0.936692
0.936692
0.936692
0.936692
0.936692
0.936692
0.936692
0.936692
0.936692
0.936692
0.936692
0.936692
0.936692
0.936692
0.936692
0.936692
0.936692
0.936692
0.936692
0.936692
0.936692
0.936692
0.936692
0.936692
0.936692
0.936692
0.936692
0.936692
0.936692
0.936692
0.936692
0.936692
0.936692
0.936692
0.936692
0.936692
0.936692
0.936692
0.936692
0.936692
0.936692
0.936692
0.936692
0.936692
0.936692
0.936692
0.936692
0.936692
0.936692
0.936692
0.936692
0.936692
0.936692
0.936692
0.936692
0.936692
0.936692
0.936692
0.936692
0.936692
0.936692
0.936692
0.936692
0.936692
0.936692
0.936692
0.936692
0.936692
0.936692
0.936692
0.936692
0.936692
0.936692
0.936692
0.936692
0.936692
0.936692
0.936692
0.936692
0.936692
0.936692
0.936692
0.936692
0.936692
0.936692
0.936692
0.936692
0.936692
0.936692
0.936692
0.936692
0.936692
0.936692
0.936692
0.936692
0.936692
0.936692
0.936692
0.936692
0.936692
0.936692
0.936692
0.936692
0.936692
0.936692
0.936692
0.936692
0.936692
0.936692
0.936692
0.936692
0.936692
0.936692
0.936692
0.936692
0.936692
0.936692
0.936692
0.936692
0.936692
0.936692
0.936692
0.936692
0.936692
0.936692
0.936692
0.936692
0.936692
0.936692
0.936692
0.936692
0.936692
0.936692
0.936692
0.936692
0.936692
0.936692
0.936692
0.936692
0.936692
0.936692
0.936692
0.936692
0.936692
0.936692
0.936692
0.936692
0.936692
0.936692
0.936692
0.936692
0.936692
0.936692
0.936692
0.936692
0.936692
0.936692
0.936692
0.936692
0.936692
0.936692
0.936692
0.936692
0.936692
0.936692
0.936692
0.936692
0.936692
0.936692
0.936692
0.936692
0.936692
0.936692
0.936692
0.936692
0.936692
0.936692
0.936692
0.936692
0.936692
0.936692
0.936692
0.936692
0.936692
0.936692
0.936692
0.936692
0.936692
0.936692
0.936692
0.936692
0.936692
0.936692
0.936692
0.936692
0.936692
0.936692
0.936692
0.936692
0.936692
0.936692
0.936692
0.936692
0.936692
0.936692
0.936692
0.936692
0.936692
0.936692
0.936692
0.936692
0.936692
0.936692
0.936692
0.936692
0.936692
0.936692
0.936692
0.936692
0.936692
0.936692
0.936692
0.936692
0.936692
0.936692
0.936692
0.936692
0.936692
0.936692
0.936692
0.936692
0.936692
0.936692
0.936692
0.936692
0.936692
0.936692
0.936692
0.936692
0.936692
0.936692
0.936692
0.936692
0.936692
0.936692
0.936692
0.936692
0.936692
0.936692
0.936692
0.936692
0.936692
0.936692
0.936692
0.936692
0.936692
0.936692
0.936692
0.936692
0.936692
0.936692
0.936692
0.936692
0.936692
0.936692
0.936692
0.936692
0.936692
0.936692
0.936692
0.936692
0.936692
0.936692
0.936692
0.936692
0.936692
0.936692
0.936692
0.936692
0.936692
0.936692
0.936692
0.936692
0.936692
0.936692
0.936692
0.936692
0.936692
0.936692
0.936692
0.936692
0.936692
0.936692
0.936692
0.936692
0.936692
0.936692
0.936692
0.936692
0.936692
0.936692
0.936692
0.936692
0.936692
0.936692
0.936692
0.936692
0.936692
0.936692
0.936692
0.936692
0.936692
0.936692
0.936692
0.936692
0.936692
0.936692
0.936692
0.936692
0.936692
0.936692
0.936692
0.936692
0.936692
0.936692
0.936692
0.936692
0.936692
0.936692
0.936692
0.936692
0.936692
0.936692
0.936692
0.936692
0.936692
0.936692
0.936692
0.936692
0.936692
0.936692
0.936692
0.936692
0.936692
0.936692
0.936692
0.936692
0.936692
0.936692
0.936692
0.936692
0.936692
0.936692
0.936692
0.936692
0.936692
0.936692
0.936692
0.936692
0.936692
0.936692
0.936692
0.936692
0.936692
0.936692
0.936692
0.936692
0.936692
0.936692
0.936692
0.936692
0.936692
0.936692
0.936692
0.936692
0.936692
0.936692
0.936692
0.936692
0.936692
0.936692
0.936692
0.936692
0.936692
0.936692
0.936692
0.936692
0.936692
0.936692
0.936692
0.936692
0.936692
0.936692
0.936692
0.936692
0.936692
0.936692
0.936692
0.936692
0.936692
0.936692
0.936692
0.936692
0.936692
0.936692
0.936692
0.936692
0.928279
0.928279
0.928279
0.928279
0.928279
0.928279
0.928279
0.928279
0.928279
0.928279
0.928279
0.928279
0.928279
0.928279
0.928279
0.928279
0.928279
0.928279
0.928279
0.928279
0.928279
0.928279
0.928279
0.928279
0.928279
0.928279
0.928279
0.928279
0.928279
0.928279
0.928279
0.928279
0.928279
0.928279
0.913376
0.913376
0.913376
0.913376
0.913376
0.913376
0.913376
0.913376
0.913376
0.913376
0.913376
0.913376
0.913376
0.913376
0.913376
0.913376
0.913376
0.913376
0.913376
0.913376
0.913376
0.913376
0.913376
0.913376
0.913376
0.913376
0.913376
0.913376
0.913376
0.913376
0.913376
0.913376
0.913376
0.913376
0.913376
0.913376
0.913376
0.913376
0.913376
0.913376
0.913376
0.913376
0.913376
0.913376
0.913376
0.913376
0.913376
0.913376
0.913376
0.913376
0.913376
0.913376
0.913376
0.913376
0.913376
0.913376
0.913376
0.913376
0.913376
0.913376
0.913376
0.913376
0.913376
0.913376
0.913376
0.913376
0.913376
0.913376
0.913376
0.913376
0.913376
0.913376
0.913376
0.913376
0.913376
0.913376
0.913376
0.913376
0.913376
0.913376
0.913376
0.913376
0.913376
0.913376
0.913376
0.913376
0.913376
0.913376
0.913376
0.913376
0.913376
0.913376
0.913376
0.913376
0.913376
0.913376
0.913376
0.913376
0.913376
0.913376
0.913376
0.913376
0.913376
0.913376
0.913376
0.913376
0.913376
0.913376
0.913376
0.913376
0.913376
0.913376
0.913376
0.913376
0.913376
0.913376
0.913376
0.913376
0.913376
0.913376
0.913376
0.913376
0.913376
0.913376
0.913376
0.913376
0.913376
0.913376
0.913376
0.913376
0.913376
0.913376
0.913376
0.913376
0.913376
0.913376
0.913376
0.913376
0.913376
0.913376
0.913376
0.913376
0.913376
0.913376
0.913376
0.913376
0.913376
0.913376
0.913376
0.913376
0.913376
0.913376
0.913376
0.913376
0.913376
0.913376
0.913376
0.913376
0.913376
0.913376
0.913376
0.913376
0.913376
0.913376
0.913376
0.913376
0.913376
0.913376
0.913376
0.913376
0.913376
0.913376
0.913376
0.913376
0.913376
0.913376
0.913376
0.913376
0.913376
0.913376
0.913376
0.913376
0.913376
0.913376
0.913376
0.913376
0.913376
0.913376
0.913376
0.913376
0.913376
0.913376
0.913376
0.913376
0.913376
0.913376
0.913376
0.913376
0.913376
0.913376
0.913376
0.913376
0.913376
0.913376
0.913376
0.913376
0.913376
0.913376
0.913376
0.913376
0.913376
0.913376
0.913376
0.913376
0.913376
0.913376
0.913376
0.913376
0.913376
0.913376
0.913376
0.913376
0.913376
0.913376
0.913376
0.913376
0.913376
0.913376
0.913376
0.913376
0.913376
0.913376
0.913376
0.913376
0.913376
0.913376
0.913376
0.913376
0.913376
0.913376
0.913376
0.913376
0.913376
0.913376
0.913376
0.913376
0.913376
0.913376
0.913376
0.913376
0.913376
0.913376
0.913376
0.913376
0.913376
0.913376
0.913376
0.913376
0.913376
0.913376
0.913376
0.913376
0.913376
0.913376
0.913376
0.913376
0.913376
0.913376
0.913376
0.913376
0.913376
0.913376
0.913376
0.913376
0.913376
0.913376
0.913376
0.913376
0.913376
0.913376
0.913376
0.913376
0.913376
0.913376
0.913376
0.913376
0.913376
0.913376
0.913376
0.913376
0.913376
0.913376
0.913376
0.913376
0.913376
0.913376
0.913376
0.913376
0.913376
0.913376
0.913376
0.913376
0.913376
0.913376
0.913376
0.913376
0.913376
0.913376
0.913376
0.913376
0.913376
0.913376
0.913376
0.913376
0.913376
0.913376
0.913376
0.913376
0.913376
0.913376
0.913376
0.913376
0.913376
0.913376
0.913376
0.913376
0.913376
0.913376
