8.93863
7.70231
7.04494
6.73274
6.34373
6.15837
5.98371
5.7601
5.5944
5.40079
5.27138
5.17346
5.05104
4.94483
4.7789
4.55872
4.40377
4.34516
4.31788
4.21019
4.03672
3.98182
3.893
3.69467
3.52599
3.51329
3.49858
3.45783
3.37871
3.2482
3.05953
2.93711
2.85399
2.77978
2.71553
2.66606
2.62698
2.58792
2.57896
2.52594
2.3921
2.18586
2.08441
2.05075
2.02893
1.99251
1.97214
1.96973
1.96114
1.9434
1.92302
1.89653
1.8823
1.88161
1.87825
1.86803
1.84869
1.8183
1.78579
1.76411
1.75534
1.74222
1.70037
1.6512
1.62513
1.61565
1.60158
1.59451
1.59097
1.58147
1.56855
1.56
1.55274
1.5431
1.53297
1.52324
1.50344
1.48046
1.4478
1.41819
1.40115
1.39427
1.3905
1.38401
1.36783
1.35195
1.34409
1.3402
1.33252
1.31304
1.29109
1.2866
1.27544
1.24437
1.20317
1.18273
1.18223
1.1818
1.1818
1.1818
1.1818
1.1818
1.18178
1.18136
1.17983
1.17796
1.17707
1.17707
1.17707
1.17688
1.17216
1.15055
1.10846
1.08322
1.07096
1.07096
1.07096
1.07096
1.07096
1.07096
1.07096
1.07096
1.07096
1.07096
1.07096
1.07096
1.07096
1.07077
1.0676
1.05338
1.03209
1.0222
1.01936
1.01797
1.01788
1.0156
1.00767
0.996902
0.995179
0.995179
0.995179
0.995179
0.994906
0.99002
0.973842
0.955517
0.94849
0.948443
0.947593
0.944148
0.939642
0.936692
0.936692
0.936692
0.936692
0.936692
0.936692
0.936692
0.936692
0.936692
0.936692
0.936692
0.936692
0.936692
0.936692
0.936692
0.936692
0.936692
0.936692
0.936692
0.936692
0.936692
0.936692
0.936692
0.936692
0.936692
0.936692
0.936692
0.936692
0.936692
0.936692
0.936692
0.936692
0.936692
0.936692
0.936692
0.936692
0.936692
0.936692
0.936692
0.936692
0.936692
0.936692
0.936692
0.936692
0.936692
0.936692
0.936692
0.936692
0.936692
0.936692
0.936692
0.936692
0.936692
0.936692
0.936692
0.936692
0.936692
0.936692
0.936692
0.936692
0.936692
0.936692
0.936692
0.936692
0.936692
0.936692
0.936692
0.936692
0.936692
0.936692
0.936692
0.936692
0.936692
0.936692
0.936692
0.936692
0.936692
0.936692
0.936692
0.936692
0.936692
0.936692
0.936692
0.936692
0.936692
0.936692
0.936692
0.936692
0.936692
0.936692
0.936692
0.936692
0.936692
0.936692
0.936692
0.936692
0.936692
0.936692
0.936692
0.936692
0.936692
0.936692
0.936692
0.936692
0.936692
0.936692
0.936692
0.936692
0.936692
0.936692
0.936692
0.936692
0.936692
0.936692
0.936692
0.936692
0.936692
0.936692
0.936692
0.936692
0.936692
0.936692
0.936692
0.936692
0.936692
0.936692
0.936692
0.936692
0.936692
0.936692
0.936692
0.936692
0.936692
0.936692
0.936692
0.936692
0.936692
0.936692
0.936692
0.936692
0.936692
0.936692
0.936692
0.936692
0.936692
0.936692
0.936692
0.936692
0.936692
0.936692
0.936692
0.936692
0.936692
0.936692
0.936692
0.936692
0.936692
0.936692
0.936692
0.936692
0.936692
0.936692
0.936692
0.936692
0.936692
0.936692
0.936692
0.936692
0.936692
0.936692
0.936692
0.936692
0.936692
0.936692
0.936692
0.936692
0.936692
0.936692
0.936692
0.936692
0.936692
0.936692
0.936692
0.936692
0.936692
0.936692
0.936692
0.936692
0.936692
0.936692
0.936692
0.936692
0.936692
0.936692
0.936692
0.936692
0.936692
0.936692
0.936692
0.936692
0.936692
0.936692
0.936692
0.936692
0.936692
0.936692
0.936692
0.936692
0.936692
0.936692
0.936692
0.936692
0.936692
0.936692
0.936692
0.936692
0.936692
0.936692
0.936692
0.936692
0.936692
0.936692
0.936692
0.936692
0.936692
0.936692
0.936692
0.936692
0.936692
0.936692
0.936692
0.936692
0.936692
0.936692
0.936692
0.936692
0.936692
0.936692
0.936692
0.936692
0.936692
0.936692
0.936692
0.936692
0.936692
0.936692
0.936692
0.936692
0.936692
0.936692
0.936692
0.936692
0.936692
0.936692
0.936692
0.936692
0.936692
0.936692
0.936692
0.936692
0.936692
0.936692
0.936692
0.936692
0.936692
0.936692
0.936692
0.936692
0.936692
0.936692
0.936692
0.936692
0.936692
0.936692
0.936692
0.936692
0.936692
0.936692
0.936692
0.936692
0.936692
0.936692
0.936692
0.936692
0.936692
0.936692
0.936692
0.936692
0.936692
0.936692
0.936692
0.936692
0.936692
0.936692
0.936692
0.936692
0.936692
0.936692
0.936692
0.936692
0.936692
0.936692
0.936692
0.936692
0.936692
0.936692
0.936692
0.936692
0.936692
0.936692
0.936692
0.936692
0.936692
0.936692
0.936692
0.936692
0.936692
0.936692
0.936692
0.936692
0.936692
0.936692
0.936692
0.936692
0.936692
0.936692
0.936692
0.936692
0.936692
0.936692
0.936692
0.936692
0.936692
0.936692
0.936692
0.936692
0.936692
0.936692
0.936692
0.936692
0.936692
0.936692
0.936692
0.936692
0.936692
0.936692
0.936692
0.936692
0.936692
0.936692
0.936692
0.936692
0.936692
0.936692
0.936692
0.936692
0.936692
0.936692
0.936692
0.936692
0.936692
0.936692
0.936692
0.936692
0.936692
0.936692
0.936692
0.936692
0.936692
0.936692
0.936692
0.936692
0.936692
0.936692
0.936692
0.936692
0.936692
0.936692
0.936692
0.936692
0.936692
0.936692
0.936692
0.936692
0.936692
0.936692
0.936692
0.936692
0.936692
0.936692
0.936692
0.936692
0.936692
0.936692
0.936692
0.936692
0.936692
0.936692
0.936692
0.936692
0.936692
0.936692
0.936692
0.936692
0.936692
0.936692
0.936692
0.936692
0.936692
0.936692
0.936692
0.936692
0.936692
0.936692
0.936692
0.936692
0.936692
0.936692
0.936692
0.936692
0.936692
0.936692
0.936692
0.936692
0.936692
0.936692
0.936692
0.936692
0.936692
0.936692
0.936692
0.936692
0.936692
0.936692
0.936692
0.936692
0.936692
0.936692
0.936692
0.936692
0.936692
0.936692
0.936692
0.936692
0.936692
0.936692
0.936692
0.936692
0.936692
0.936692
0.936692
0.936692
0.936692
0.936692
0.936692
0.936692
0.936692
0.936692
0.936692
0.936692
0.936692
0.936692
0.936692
0.936692
0.936692
0.936692
0.936692
0.936692
0.936692
0.936692
0.936692
0.936692
0.936692
0.936692
0.936692
0.936692
0.936692
0.936692
0.936692
0.936692
0.936692
0.936692
0.936692
0.936692
0.936692
0.936692
0.936692
0.936659
0.93612
0.934101
0.931072
0.928279
0.928279
0.928279
0.928279
0.928279
0.928279
0.928279
0.928279
0.928279
0.928279
0.928279
0.928279
0.928279
0.928279
0.928279
0.928279
0.928279
0.928279
0.928279
0.928279
0.928279
0.928279
0.928279
0.928279
0.928279
0.928279
0.928279
0.928279
0.928279
0.928279
0.928219
0.927206
0.92351
0.916512
0.913376
0.913376
0.913376
0.913376
0.913376
0.913376
0.913376
0.913376
0.913376
0.913376
0.913376
0.913376
0.913376
0.913376
0.913376
0.913376
0.913376
0.913376
0.913376
0.913376
0.913376
0.913376
0.913376
0.913376
0.913376
0.913376
0.913376
0.913376
0.913376
0.913376
0.913376
0.913376
0.913376
0.913376
0.913376
0.913376
0.913376
0.913376
0.913376
0.913376
0.913376
0.913376
0.913376
0.913376
0.913376
0.913376
0.913376
0.913376
0.913376
0.913376
0.913376
0.913376
0.913376
0.913376
0.913376
0.913376
0.913376
0.913376
0.913376
0.913376
0.913376
0.913376
0.913376
0.913376
0.913376
0.913376
0.913376
0.913376
0.913376
0.913376
0.913376
0.913376
0.913376
0.913376
0.913376
0.913376
0.913376
0.913376
0.913376
0.913376
0.913376
0.913376
0.913376
0.913376
0.913376
0.913376
0.913376
0.913376
0.913376
0.913376
0.913376
0.913376
0.913376
0.913376
0.913376
0.913376
0.913376
0.913376
0.913376
0.913376
0.913376
0.913376
0.913376
0.913376
0.913376
0.913376
0.913376
0.913376
0.913376
0.913376
0.913376
0.913376
0.913376
0.913376
0.913376
0.913376
0.913376
0.913376
0.913376
0.913376
0.913376
0.913376
0.913376
0.913376
0.913376
0.913376
0.913376
0.913376
0.913376
0.913376
0.913376
0.913376
0.913376
0.913376
0.913376
0.913376
0.913376
0.913376
0.913376
0.913376
0.913376
0.913376
0.913376
0.913376
0.913376
0.913376
0.913376
0.913376
0.913376
0.913376
0.913376
0.913376
0.913376
0.913376
0.913376
0.913376
0.913376
0.913376
0.913376
0.913376
0.913376
0.913376
0.913376
0.913376
0.913376
0.913376
0.913376
0.913376
0.913376
0.913376
0.913376
0.913376
0.913376
0.913376
0.913376
0.913376
0.913376
0.913376
0.913376
0.913376
0.913376
0.913376
0.913376
0.913376
0.913376
0.913376
0.913376
0.913376
0.913376
0.913376
0.913376
0.913376
0.913376
0.913376
0.913376
0.913376
0.913376
0.913376
0.913376
0.913376
0.913376
0.913376
0.913376
0.913376
0.913376
0.913376
0.913376
0.913376
0.913376
0.913376
0.913376
0.913376
0.913376
0.913376
0.913376
0.913376
0.913376
0.913376
0.913376
0.913376
0.913376
0.913376
0.913376
0.913376
0.913376
0.913376
0.913376
0.913376
0.913376
0.913376
0.913376
0.913376
0.913376
0.913376
0.913376
0.913376
0.913376
0.913376
0.913376
0.913376
0.913376
0.913376
0.913376
0.913376
0.913376
0.913376
0.913376
0.913376
0.913376
0.913376
0.913376
0.913376
0.913376
0.913376
0.913376
0.913376
0.913376
0.913376
0.913376
0.913376
0.913376
0.913376
0.913376
0.913376
0.913376
0.913376
0.913376
0.913376
0.913376
0.913376
0.913376
0.913376
0.913376
0.913376
0.913376
0.913376
0.913376
0.913376
0.913376
0.913376
0.913376
0.913376
0.913376
0.913376
0.913376
0.913376
0.913376
0.913376
0.913376
0.913376
0.913376
0.913376
0.913376
0.913376
0.913376
0.913376
0.913376
0.913376
0.913376
0.913376
0.913376
0.913376
0.913376
0.913376
0.913376
0.913376
0.913376
0.913376
0.913376
0.913376
0.913376
0.913376
0.913376
0.913376
0.913376
0.913376
0.913376
0.913376
0.913376
0.913376
0.913376
0.913376
0.913376
0.913376
