#   N_BLOCK:  ACCEPTANCE:
           1    0.539034
           2    0.538459
           3    0.537338
           4    0.536464
           5    0.536887
           6    0.536864
           7    0.537579
           8    0.537639
           9    0.538057
          10    0.538059
          11    0.538248
          12    0.538111
          13    0.538161
          14    0.538027
          15     0.53798
          16    0.538038
          17    0.538123
          18    0.538206
          19    0.537962
          20    0.537952
          21    0.537825
          22    0.537957
          23    0.537985
          24    0.538019
          25    0.538054
          26    0.538074
          27    0.538038
          28    0.538101
          29    0.538051
          30    0.538015
          31    0.537941
          32    0.537955
          33    0.537897
          34    0.537825
          35    0.537806
          36    0.537716
          37    0.537727
          38     0.53769
          39    0.537634
          40    0.537674
          41    0.537687
          42    0.537712
          43    0.537716
          44    0.537637
          45    0.537617
          46    0.537701
          47    0.537749
          48    0.537801
          49    0.537707
          50    0.537654
          51    0.537622
          52    0.537653
          53    0.537668
          54    0.537638
          55    0.537598
          56    0.537649
          57    0.537565
          58    0.537595
          59    0.537595
          60    0.537577
          61    0.537543
          62    0.537581
          63    0.537585
          64    0.537612
          65    0.537651
          66    0.537631
          67    0.537632
          68    0.537654
          69    0.537608
          70    0.537668
          71    0.537692
          72    0.537696
          73    0.537734
          74    0.537691
          75     0.53769
          76    0.537709
          77    0.537737
          78    0.537718
          79    0.537714
          80    0.537706
          81    0.537715
          82    0.537743
          83    0.537738
          84    0.537685
          85    0.537703
          86    0.537683
          87    0.537684
          88     0.53765
          89     0.53764
          90    0.537632
          91    0.537606
          92    0.537635
          93     0.53763
          94    0.537635
          95    0.537642
          96    0.537653
          97    0.537613
          98    0.537623
          99    0.537622
         100     0.53763
           1    0.537319
           2     0.53725
           3    0.537116
           4    0.537019
           5    0.536953
           6    0.536865
           7    0.536798
           8    0.536711
           9    0.536668
          10     0.53661
          11    0.536505
          12    0.536448
          13    0.536376
          14    0.536305
          15    0.536254
          16    0.536191
          17    0.536141
          18    0.536081
          19    0.536011
          20     0.53594
          21     0.53589
          22    0.535845
          23    0.535837
          24     0.53578
          25    0.535728
          26    0.535691
          27    0.535613
          28    0.535542
          29    0.535517
          30    0.535465
          31    0.535441
          32      0.5354
          33    0.535352
          34    0.535281
          35    0.535217
          36    0.535143
          37    0.535082
          38    0.535025
          39    0.534951
          40    0.534902
          41     0.53487
          42    0.534813
          43    0.534773
          44    0.534754
          45      0.5347
          46    0.534697
          47     0.53465
          48    0.534589
          49    0.534565
          50    0.534516
          51    0.534473
          52    0.534426
          53    0.534382
          54    0.534341
          55    0.534301
          56    0.534292
          57    0.534257
          58    0.534203
          59    0.534171
          60    0.534145
          61    0.534102
          62    0.534061
          63    0.534006
          64    0.533975
          65    0.533938
          66    0.533932
          67    0.533888
          68    0.533849
          69    0.533813
          70    0.533777
          71    0.533746
          72    0.533703
          73    0.533665
          74    0.533624
          75    0.533563
          76    0.533542
          77    0.533512
          78    0.533475
          79    0.533431
          80    0.533408
          81    0.533373
          82    0.533334
          83    0.533302
          84    0.533261
          85    0.533232
          86    0.533188
          87    0.533158
          88    0.533116
          89    0.533099
          90    0.533075
          91    0.533045
          92    0.533012
          93    0.532989
          94    0.532949
          95    0.532936
          96    0.532902
          97    0.532873
          98    0.532845
          99    0.532807
         100    0.532776
           1     0.53257
           2    0.532484
           3    0.532399
           4    0.532331
           5    0.532248
           6    0.532152
           7    0.532093
           8    0.532018
           9    0.531939
          10    0.531889
          11    0.531809
          12     0.53173
          13    0.531658
          14      0.5316
          15    0.531546
          16    0.531473
          17    0.531414
          18    0.531344
          19    0.531278
          20    0.531225
          21    0.531153
          22    0.531084
          23    0.531045
          24    0.530987
          25    0.530941
          26    0.530875
          27    0.530835
          28    0.530773
          29    0.530717
          30    0.530648
          31    0.530598
          32    0.530542
          33    0.530491
          34    0.530458
          35    0.530418
          36    0.530359
          37    0.530293
          38     0.53025
          39    0.530187
          40    0.530132
          41    0.530084
          42    0.530046
          43    0.530005
          44    0.529957
          45    0.529907
          46    0.529855
          47    0.529809
          48    0.529765
          49    0.529711
          50    0.529659
          51    0.529603
          52    0.529554
          53    0.529499
          54    0.529448
          55    0.529402
          56    0.529343
          57    0.529293
          58    0.529247
          59    0.529204
          60    0.529154
          61    0.529115
          62    0.529066
          63    0.529027
          64     0.52898
          65    0.528942
          66    0.528901
          67    0.528865
          68    0.528814
          69    0.528763
          70    0.528733
          71    0.528689
          72    0.528643
          73    0.528598
          74    0.528558
          75     0.52852
          76    0.528487
          77    0.528447
          78    0.528409
          79    0.528366
          80    0.528324
          81    0.528283
          82    0.528234
          83    0.528196
          84    0.528164
          85    0.528127
          86    0.528087
          87    0.528046
          88     0.52801
          89    0.527973
          90    0.527933
          91      0.5279
          92    0.527884
          93    0.527856
          94    0.527823
          95    0.527783
          96    0.527759
          97     0.52772
          98    0.527683
          99    0.527647
         100    0.527607
           1    0.527425
           2    0.527367
           3    0.527307
           4    0.527234
           5    0.527167
           6    0.527097
           7    0.527038
           8    0.526964
           9     0.52691
          10    0.526859
          11    0.526793
          12    0.526744
          13    0.526674
          14    0.526614
          15    0.526549
          16    0.526478
          17     0.52642
          18    0.526353
          19    0.526286
          20    0.526225
          21    0.526161
          22    0.526095
          23    0.526038
          24    0.525984
          25    0.525916
          26    0.525848
          27    0.525788
          28    0.525725
          29    0.525666
          30    0.525604
          31    0.525561
          32    0.525505
          33    0.525444
          34    0.525388
          35    0.525322
          36    0.525272
          37    0.525211
          38    0.525152
          39     0.52509
          40    0.525045
          41    0.524987
          42    0.524943
          43     0.52489
          44    0.524838
          45    0.524791
          46    0.524738
          47    0.524688
          48    0.524637
          49    0.524585
          50    0.524544
          51    0.524497
          52    0.524453
          53    0.524401
          54     0.52435
          55    0.524292
          56    0.524243
          57    0.524184
          58    0.524127
          59    0.524073
          60    0.524024
          61    0.523981
          62    0.523931
          63    0.523891
          64    0.523853
          65    0.523803
          66    0.523762
          67    0.523719
          68    0.523656
          69    0.523616
          70    0.523572
          71    0.523533
          72    0.523481
          73    0.523443
          74    0.523392
          75    0.523343
          76    0.523299
          77    0.523254
          78    0.523207
          79    0.523162
          80    0.523116
          81    0.523064
          82    0.523019
          83    0.522983
          84    0.522936
          85    0.522895
          86    0.522862
          87    0.522831
          88    0.522784
          89    0.522739
          90    0.522703
          91    0.522658
          92    0.522615
          93    0.522569
          94    0.522527
          95    0.522483
          96    0.522447
          97    0.522412
          98    0.522378
          99    0.522344
         100    0.522297
           1    0.522127
           2    0.522057
           3    0.521998
           4    0.521937
           5    0.521875
           6    0.521815
           7    0.521749
           8    0.521679
           9    0.521619
          10    0.521548
          11    0.521484
          12     0.52142
          13    0.521364
          14      0.5213
          15    0.521241
          16    0.521182
          17    0.521128
          18    0.521063
          19    0.521002
          20    0.520942
          21    0.520881
          22    0.520822
          23    0.520761
          24     0.52071
          25    0.520642
          26    0.520573
          27    0.520516
          28    0.520454
          29    0.520399
          30    0.520338
          31     0.52029
          32    0.520236
          33    0.520188
          34    0.520132
          35    0.520072
          36    0.520016
          37    0.519962
          38    0.519911
          39    0.519861
          40    0.519801
          41    0.519739
          42    0.519683
          43    0.519619
          44    0.519571
          45    0.519518
          46    0.519464
          47    0.519406
          48    0.519359
          49     0.51931
          50    0.519254
          51    0.519198
          52     0.51914
          53    0.519093
          54    0.519041
          55    0.518989
          56    0.518932
          57    0.518887
          58    0.518842
          59    0.518792
          60    0.518743
          61    0.518692
          62    0.518638
          63     0.51858
          64    0.518523
          65    0.518468
          66    0.518423
          67    0.518367
          68    0.518319
          69    0.518269
          70    0.518223
          71    0.518177
          72    0.518125
          73    0.518072
          74    0.518018
          75    0.517963
          76     0.51792
          77    0.517876
          78     0.51783
          79    0.517781
          80    0.517739
          81    0.517694
          82    0.517651
          83    0.517602
          84    0.517564
          85    0.517538
          86    0.517494
          87    0.517447
          88     0.51741
          89    0.517368
          90    0.517323
          91    0.517275
          92    0.517233
          93    0.517197
          94    0.517154
          95    0.517114
          96    0.517074
          97    0.517029
          98    0.516984
          99    0.516945
         100    0.516904
           1    0.516729
           2    0.516661
           3      0.5166
           4    0.516535
           5    0.516473
           6     0.51641
           7    0.516358
           8    0.516294
           9    0.516232
          10    0.516178
          11    0.516127
          12    0.516064
          13    0.516008
          14    0.515951
          15    0.515893
          16    0.515831
          17     0.51577
          18    0.515704
          19    0.515645
          20    0.515589
          21    0.515531
          22    0.515469
          23    0.515409
          24    0.515348
          25    0.515293
          26    0.515239
          27    0.515175
          28     0.51511
          29    0.515056
          30    0.515001
          31    0.514949
          32     0.51489
          33    0.514829
          34     0.51477
          35     0.51471
          36    0.514654
          37    0.514604
          38    0.514548
          39    0.514491
          40    0.514436
          41    0.514378
          42    0.514323
          43    0.514263
          44    0.514211
          45    0.514154
          46    0.514102
          47    0.514051
          48    0.513994
          49    0.513939
          50    0.513893
          51    0.513845
          52     0.51379
          53    0.513733
          54    0.513673
          55    0.513623
          56     0.51357
          57    0.513517
          58    0.513467
          59    0.513415
          60    0.513364
          61    0.513312
          62    0.513264
          63    0.513219
          64    0.513168
          65    0.513112
          66    0.513062
          67    0.513008
          68    0.512955
          69    0.512898
          70     0.51285
          71      0.5128
          72    0.512749
          73    0.512704
          74    0.512655
          75    0.512609
          76    0.512561
          77    0.512508
          78    0.512451
          79    0.512397
          80    0.512346
          81    0.512291
          82    0.512243
          83    0.512189
          84    0.512145
          85    0.512098
          86     0.51205
          87    0.511998
          88    0.511938
          89    0.511885
          90    0.511843
          91    0.511794
          92    0.511744
          93    0.511698
          94    0.511645
          95    0.511602
          96    0.511552
          97    0.511505
          98    0.511456
          99    0.511415
         100    0.511364
           1      0.5112
           2    0.511139
           3    0.511071
           4    0.511009
           5    0.510943
           6     0.51088
           7    0.510805
           8    0.510742
           9    0.510677
          10    0.510614
          11    0.510555
          12    0.510492
          13    0.510427
          14    0.510361
          15    0.510297
          16     0.51024
          17    0.510177
          18    0.510114
          19    0.510052
          20    0.509992
          21    0.509934
          22     0.50987
          23    0.509803
          24    0.509742
          25    0.509675
          26     0.50961
          27    0.509551
          28    0.509497
          29    0.509431
          30    0.509373
          31    0.509318
          32     0.50926
          33    0.509204
          34    0.509145
          35    0.509094
          36    0.509033
          37    0.508979
          38     0.50892
          39    0.508863
          40    0.508805
          41    0.508752
          42    0.508694
          43    0.508637
          44    0.508577
          45     0.50852
          46    0.508462
          47    0.508402
          48     0.50835
          49    0.508299
          50     0.50824
          51    0.508186
          52    0.508136
          53    0.508076
          54    0.508023
          55    0.507973
          56     0.50792
          57    0.507868
          58    0.507812
          59    0.507762
          60    0.507707
          61    0.507651
          62    0.507599
          63    0.507541
          64    0.507484
          65    0.507427
          66    0.507378
          67    0.507327
          68    0.507278
          69    0.507224
          70    0.507162
          71    0.507111
          72    0.507061
          73    0.507006
          74    0.506953
          75    0.506906
          76    0.506852
          77    0.506805
          78    0.506758
          79    0.506704
          80    0.506655
          81    0.506608
          82    0.506558
          83    0.506505
          84     0.50646
          85    0.506412
          86    0.506368
          87    0.506318
          88    0.506264
          89    0.506213
          90    0.506162
          91    0.506117
          92    0.506068
          93     0.50602
          94    0.505969
          95    0.505915
          96    0.505868
          97    0.505823
          98    0.505776
          99    0.505719
         100    0.505676
           1    0.505508
           2    0.505442
           3    0.505374
           4    0.505311
           5    0.505244
           6     0.50518
           7    0.505114
           8    0.505051
           9    0.504985
          10    0.504925
          11    0.504857
          12    0.504795
          13    0.504729
          14    0.504666
          15    0.504604
          16    0.504544
          17    0.504483
          18    0.504418
          19    0.504359
          20    0.504296
          21    0.504236
          22    0.504171
          23    0.504106
          24    0.504048
          25     0.50399
          26    0.503932
          27    0.503867
          28    0.503808
          29    0.503749
          30     0.50368
          31    0.503624
          32    0.503564
          33    0.503505
          34     0.50344
          35    0.503381
          36    0.503325
          37    0.503262
          38    0.503202
          39    0.503141
          40    0.503082
          41    0.503022
          42    0.502956
          43    0.502903
          44    0.502843
          45    0.502783
          46    0.502723
          47    0.502662
          48    0.502606
          49    0.502543
          50     0.50248
          51    0.502421
          52    0.502362
          53    0.502303
          54    0.502243
          55    0.502185
          56    0.502122
          57     0.50207
          58    0.502009
          59    0.501951
          60    0.501899
          61     0.50184
          62    0.501781
          63     0.50172
          64    0.501662
          65    0.501602
          66    0.501547
          67    0.501493
          68    0.501436
          69     0.50138
          70    0.501321
          71    0.501269
          72    0.501217
          73    0.501165
          74    0.501111
          75    0.501054
          76    0.500997
          77    0.500942
          78    0.500884
          79    0.500831
          80    0.500777
          81    0.500724
          82    0.500668
          83    0.500615
          84    0.500562
          85    0.500513
          86    0.500459
          87    0.500406
          88     0.50035
          89    0.500302
          90    0.500253
          91    0.500206
          92    0.500155
          93    0.500107
          94    0.500055
          95    0.500004
          96     0.49995
          97      0.4999
          98    0.499851
          99    0.499798
         100     0.49975
           1    0.499587
           2    0.499518
           3     0.49945
           4    0.499381
           5    0.499317
           6    0.499256
           7    0.499193
           8    0.499129
           9    0.499063
          10       0.499
          11    0.498934
          12    0.498863
          13    0.498799
          14    0.498736
          15    0.498669
          16    0.498606
          17    0.498542
          18    0.498476
          19    0.498411
          20    0.498348
          21    0.498282
          22    0.498215
          23    0.498154
          24    0.498095
          25     0.49803
          26    0.497961
          27    0.497903
          28    0.497841
          29    0.497778
          30    0.497719
          31    0.497656
          32    0.497596
          33    0.497538
          34    0.497481
          35    0.497419
          36    0.497356
          37    0.497289
          38     0.49723
          39    0.497171
          40    0.497113
          41     0.49705
          42    0.496989
          43    0.496932
          44     0.49688
          45    0.496818
          46    0.496758
          47    0.496698
          48    0.496642
          49    0.496584
          50    0.496529
          51    0.496468
          52    0.496414
          53    0.496354
          54    0.496293
          55    0.496236
          56     0.49618
          57    0.496124
          58    0.496065
          59    0.496009
          60    0.495952
          61    0.495897
          62    0.495836
          63     0.49578
          64    0.495723
          65    0.495667
          66    0.495608
          67    0.495551
          68    0.495497
          69    0.495437
          70    0.495375
          71    0.495319
          72    0.495262
          73    0.495205
          74    0.495145
          75     0.49509
          76    0.495026
          77    0.494973
          78     0.49492
          79    0.494869
          80    0.494812
          81    0.494758
          82    0.494704
          83    0.494649
          84    0.494594
          85    0.494537
          86    0.494485
          87    0.494425
          88    0.494368
          89    0.494316
          90    0.494258
          91    0.494204
          92    0.494158
          93    0.494108
          94    0.494055
          95    0.494004
          96    0.493952
          97      0.4939
          98    0.493844
          99    0.493789
         100    0.493739
           1    0.493562
           2    0.493491
           3    0.493427
           4    0.493364
           5    0.493294
           6    0.493228
           7    0.493161
           8    0.493095
           9     0.49303
          10     0.49296
          11     0.49289
          12    0.492823
          13    0.492756
          14    0.492693
          15    0.492627
          16    0.492561
          17    0.492496
          18    0.492431
          19    0.492371
          20    0.492308
          21     0.49224
          22    0.492177
          23    0.492111
          24    0.492046
          25    0.491977
          26    0.491915
          27    0.491848
          28    0.491788
          29    0.491725
          30    0.491662
          31    0.491599
          32    0.491541
          33    0.491475
          34    0.491414
          35    0.491349
          36    0.491286
          37    0.491223
          38    0.491165
          39    0.491101
          40    0.491039
          41    0.490975
          42    0.490916
          43    0.490853
          44    0.490793
          45    0.490726
          46    0.490665
          47    0.490602
          48    0.490542
          49     0.49048
          50    0.490416
          51    0.490349
          52    0.490289
          53    0.490233
          54    0.490174
          55    0.490112
          56    0.490057
          57    0.489997
          58    0.489938
          59    0.489879
          60    0.489816
          61    0.489755
          62    0.489693
          63    0.489632
          64    0.489571
          65    0.489512
          66    0.489455
          67    0.489402
          68    0.489345
          69    0.489286
          70    0.489231
          71    0.489172
          72    0.489118
          73    0.489057
          74    0.488994
          75    0.488934
          76    0.488878
          77    0.488826
          78    0.488765
          79    0.488705
          80    0.488649
          81    0.488596
          82    0.488536
          83    0.488481
          84    0.488418
          85    0.488364
          86    0.488303
          87    0.488251
          88    0.488192
          89    0.488142
          90    0.488085
          91    0.488027
          92    0.487974
          93    0.487919
          94    0.487864
          95    0.487809
          96    0.487757
          97    0.487699
          98    0.487644
          99    0.487585
         100    0.487531
           1    0.487359
           2    0.487291
           3    0.487222
           4    0.487156
           5    0.487091
           6    0.487025
           7    0.486957
           8    0.486888
           9    0.486817
          10    0.486748
          11     0.48668
          12    0.486616
          13    0.486546
          14     0.48648
          15    0.486413
          16    0.486345
          17    0.486276
          18    0.486209
          19    0.486146
          20     0.48608
          21    0.486012
          22    0.485944
          23    0.485883
          24    0.485815
          25    0.485746
          26    0.485676
          27    0.485614
          28     0.48555
          29    0.485481
          30     0.48542
          31    0.485353
          32    0.485284
          33    0.485219
          34    0.485153
          35     0.48509
          36    0.485023
          37    0.484957
          38    0.484891
          39    0.484824
          40    0.484763
          41    0.484699
          42    0.484637
          43    0.484574
          44     0.48451
          45    0.484446
          46    0.484378
          47    0.484315
          48    0.484256
          49    0.484189
          50    0.484125
          51    0.484062
          52    0.483997
          53    0.483934
          54    0.483871
          55    0.483811
          56    0.483749
          57    0.483682
          58    0.483625
          59    0.483565
          60      0.4835
          61    0.483438
          62    0.483378
          63    0.483317
          64    0.483259
          65    0.483203
          66    0.483139
          67    0.483078
          68    0.483018
          69    0.482955
          70    0.482888
          71     0.48283
          72    0.482767
          73    0.482708
          74    0.482649
          75    0.482589
          76    0.482529
          77     0.48247
          78    0.482411
          79    0.482354
          80    0.482295
          81    0.482239
          82    0.482183
          83     0.48212
          84    0.482062
          85    0.482005
          86    0.481947
          87    0.481889
          88    0.481827
          89    0.481767
          90    0.481706
          91    0.481651
          92     0.48159
          93    0.481532
          94    0.481475
          95    0.481417
          96    0.481357
          97    0.481299
          98    0.481241
          99    0.481184
         100    0.481127
           1    0.480953
           2    0.480884
           3    0.480819
           4    0.480751
           5    0.480682
           6     0.48061
           7    0.480538
           8    0.480467
           9    0.480399
          10     0.48033
          11     0.48026
          12    0.480188
          13    0.480122
          14    0.480049
          15     0.47998
          16    0.479911
          17    0.479841
          18    0.479774
          19     0.47971
          20    0.479643
          21    0.479576
          22     0.47951
          23     0.47944
          24    0.479374
          25    0.479309
          26    0.479241
          27    0.479174
          28    0.479106
          29    0.479038
          30    0.478973
          31    0.478903
          32    0.478836
          33    0.478767
          34    0.478704
          35    0.478637
          36     0.47857
          37    0.478503
          38    0.478441
          39    0.478375
          40    0.478311
          41    0.478246
          42    0.478184
          43    0.478117
          44    0.478054
          45     0.47799
          46    0.477924
          47    0.477859
          48    0.477792
          49    0.477727
          50    0.477659
          51    0.477593
          52     0.47753
          53    0.477468
          54    0.477405
          55    0.477343
          56    0.477279
          57    0.477215
          58    0.477155
          59    0.477094
          60    0.477032
          61    0.476966
          62    0.476901
          63    0.476838
          64    0.476777
          65    0.476715
          66     0.47665
          67    0.476587
          68    0.476524
          69    0.476464
          70    0.476402
          71     0.47634
          72    0.476279
          73    0.476217
          74     0.47615
          75    0.476088
          76    0.476029
          77    0.475968
          78    0.475903
          79    0.475843
          80    0.475784
          81    0.475723
          82    0.475663
          83    0.475602
          84    0.475544
          85    0.475484
          86    0.475422
          87     0.47536
          88    0.475303
          89    0.475246
          90     0.47519
          91    0.475131
          92    0.475071
          93    0.475012
          94    0.474952
          95    0.474893
          96    0.474832
          97     0.47477
          98    0.474706
          99    0.474647
         100    0.474585
           1    0.474401
           2    0.474329
           3    0.474261
           4    0.474189
           5    0.474117
           6    0.474043
           7    0.473971
           8    0.473897
           9     0.47383
          10    0.473758
          11    0.473688
          12    0.473618
          13    0.473546
          14     0.47347
          15    0.473399
          16    0.473329
          17    0.473262
          18    0.473193
          19    0.473128
          20    0.473056
          21    0.472988
          22    0.472918
          23    0.472847
          24    0.472779
          25     0.47271
          26     0.47264
          27    0.472569
          28    0.472502
          29    0.472431
          30    0.472361
          31    0.472291
          32    0.472221
          33    0.472155
          34    0.472085
          35    0.472018
          36    0.471946
          37    0.471879
          38     0.47181
          39    0.471743
          40    0.471677
          41    0.471606
          42    0.471544
          43    0.471476
          44     0.47141
          45    0.471341
          46    0.471276
          47     0.47121
          48     0.47114
          49    0.471073
          50    0.471008
          51    0.470948
          52    0.470882
          53    0.470819
          54    0.470753
          55     0.47069
          56    0.470624
          57    0.470559
          58    0.470497
          59    0.470431
          60    0.470365
          61    0.470298
          62    0.470233
          63     0.47017
          64    0.470104
          65    0.470035
          66    0.469972
          67    0.469908
          68    0.469841
          69    0.469774
          70     0.46971
          71    0.469647
          72    0.469584
          73     0.46952
          74    0.469459
          75    0.469396
          76    0.469332
          77    0.469271
          78    0.469206
          79    0.469138
          80    0.469074
          81    0.469009
          82     0.46895
          83    0.468886
          84    0.468821
          85    0.468756
          86    0.468697
          87    0.468632
          88    0.468571
          89    0.468508
          90    0.468443
          91    0.468379
          92    0.468318
          93    0.468252
          94    0.468195
          95    0.468132
          96    0.468073
          97    0.468012
          98     0.46795
          99    0.467885
         100    0.467823
           1    0.467641
           2     0.46757
           3    0.467494
           4    0.467418
           5    0.467347
           6    0.467273
           7    0.467203
           8     0.46713
           9    0.467057
          10    0.466982
          11    0.466913
          12    0.466844
          13    0.466773
          14    0.466702
          15    0.466629
          16    0.466557
          17    0.466484
          18    0.466413
          19    0.466341
          20    0.466271
          21    0.466202
          22    0.466132
          23    0.466062
          24    0.465992
          25    0.465921
          26    0.465847
          27    0.465776
          28    0.465707
          29    0.465636
          30    0.465564
          31    0.465491
          32    0.465419
          33    0.465346
          34    0.465274
          35    0.465202
          36    0.465127
          37    0.465055
          38    0.464987
          39    0.464917
          40    0.464848
          41    0.464779
          42    0.464707
          43    0.464639
          44    0.464566
          45    0.464497
          46    0.464429
          47    0.464359
          48    0.464292
          49    0.464223
          50     0.46416
          51    0.464093
          52    0.464025
          53    0.463958
          54    0.463892
          55    0.463823
          56    0.463754
          57    0.463683
          58    0.463616
          59    0.463549
          60    0.463481
          61    0.463417
          62    0.463351
          63    0.463286
          64    0.463219
          65    0.463152
          66    0.463084
          67    0.463017
          68    0.462949
          69    0.462882
          70    0.462818
          71    0.462752
          72    0.462686
          73    0.462626
          74    0.462562
          75    0.462495
          76    0.462429
          77    0.462365
          78    0.462297
          79    0.462232
          80     0.46217
          81    0.462103
          82    0.462037
          83    0.461971
          84    0.461902
          85    0.461835
          86    0.461769
          87    0.461702
          88    0.461636
          89    0.461573
          90     0.46151
          91    0.461444
          92     0.46138
          93    0.461319
          94    0.461253
          95    0.461188
          96    0.461124
          97     0.46106
          98       0.461
          99    0.460939
         100    0.460878
           1    0.460696
           2    0.460623
           3     0.46055
           4    0.460478
           5    0.460403
           6     0.46033
           7    0.460252
           8    0.460175
           9    0.460098
          10    0.460023
          11    0.459947
          12    0.459873
          13    0.459801
          14    0.459727
          15    0.459654
          16    0.459581
          17    0.459511
          18    0.459434
          19    0.459364
          20    0.459291
          21    0.459218
          22    0.459142
          23    0.459071
          24    0.458993
          25    0.458923
          26    0.458849
          27     0.45878
          28    0.458707
          29    0.458637
          30    0.458564
          31    0.458492
          32    0.458419
          33     0.45835
          34    0.458281
          35    0.458209
          36    0.458136
          37    0.458067
          38    0.457996
          39    0.457929
          40    0.457858
          41    0.457788
          42    0.457721
          43    0.457651
          44    0.457578
          45    0.457508
          46    0.457437
          47    0.457369
          48    0.457298
          49    0.457226
          50    0.457156
          51    0.457086
          52    0.457015
          53    0.456947
          54    0.456878
          55    0.456812
          56    0.456744
          57    0.456676
          58    0.456607
          59    0.456536
          60    0.456468
          61    0.456399
          62    0.456329
          63     0.45626
          64    0.456191
          65    0.456117
          66    0.456046
          67    0.455975
          68    0.455906
          69    0.455834
          70    0.455766
          71    0.455695
          72    0.455626
          73    0.455556
          74    0.455487
          75    0.455421
          76    0.455358
          77    0.455289
          78    0.455218
          79    0.455152
          80    0.455084
          81    0.455017
          82    0.454951
          83    0.454885
          84    0.454818
          85    0.454752
          86    0.454686
          87    0.454621
          88    0.454554
          89    0.454486
          90    0.454419
          91    0.454356
          92    0.454292
          93     0.45423
          94    0.454163
          95    0.454095
          96     0.45403
          97    0.453966
          98    0.453901
          99    0.453836
         100    0.453771
           1    0.453576
           2    0.453502
           3    0.453424
           4    0.453346
           5    0.453272
           6    0.453194
           7    0.453119
           8    0.453042
           9    0.452965
          10    0.452886
          11    0.452807
          12     0.45273
          13     0.45265
          14    0.452572
          15    0.452495
          16    0.452418
          17    0.452342
          18    0.452269
          19    0.452191
          20    0.452116
          21    0.452041
          22     0.45197
          23    0.451893
          24    0.451815
          25    0.451739
          26    0.451667
          27    0.451594
          28    0.451516
          29    0.451442
          30    0.451366
          31    0.451293
          32    0.451217
          33    0.451141
          34    0.451067
          35    0.450995
          36    0.450924
          37    0.450851
          38    0.450777
          39    0.450703
          40    0.450629
          41    0.450554
          42    0.450483
          43     0.45041
          44    0.450335
          45    0.450261
          46    0.450189
          47    0.450114
          48    0.450044
          49     0.44997
          50    0.449899
          51    0.449829
          52    0.449756
          53    0.449684
          54    0.449614
          55    0.449539
          56    0.449464
          57     0.44939
          58    0.449319
          59    0.449248
          60    0.449177
          61    0.449105
          62    0.449031
          63    0.448961
          64    0.448892
          65    0.448822
          66    0.448749
          67     0.44868
          68    0.448608
          69    0.448537
          70    0.448465
          71    0.448394
          72    0.448322
          73    0.448254
          74    0.448185
          75    0.448115
          76    0.448043
          77    0.447972
          78    0.447902
          79    0.447832
          80    0.447764
          81    0.447695
          82    0.447622
          83    0.447551
          84    0.447482
          85    0.447409
          86    0.447338
          87    0.447269
          88    0.447198
          89    0.447131
          90    0.447063
          91    0.446994
          92     0.44693
          93    0.446861
          94    0.446794
          95    0.446728
          96    0.446661
          97    0.446593
          98    0.446522
          99    0.446453
         100    0.446381
           1    0.446184
           2    0.446104
           3    0.446027
           4    0.445951
           5    0.445874
           6    0.445792
           7    0.445714
           8    0.445635
           9    0.445555
          10    0.445479
          11    0.445404
          12    0.445324
          13    0.445246
          14    0.445169
          15    0.445095
          16    0.445017
          17     0.44494
          18    0.444862
          19    0.444785
          20    0.444707
          21    0.444632
          22    0.444555
          23    0.444481
          24    0.444406
          25     0.44433
          26    0.444254
          27    0.444179
          28    0.444105
          29    0.444029
          30    0.443948
          31    0.443876
          32    0.443801
          33    0.443726
          34    0.443652
          35    0.443576
          36    0.443499
          37    0.443424
          38    0.443349
          39    0.443272
          40    0.443199
          41    0.443122
          42    0.443046
          43    0.442971
          44    0.442896
          45    0.442822
          46    0.442748
          47     0.44267
          48      0.4426
          49    0.442526
          50    0.442451
          51    0.442379
          52    0.442304
          53    0.442227
          54    0.442151
          55    0.442077
          56    0.442002
          57     0.44193
          58    0.441854
          59    0.441776
          60    0.441705
          61    0.441634
          62    0.441561
          63    0.441487
          64    0.441414
          65    0.441342
          66    0.441269
          67    0.441199
          68    0.441127
          69    0.441053
          70     0.44098
          71    0.440906
          72    0.440831
          73    0.440759
          74    0.440686
          75    0.440615
          76     0.44054
          77    0.440468
          78    0.440395
          79    0.440324
          80    0.440251
          81    0.440182
          82     0.44011
          83    0.440038
          84    0.439967
          85    0.439893
          86    0.439824
          87    0.439751
          88    0.439681
          89    0.439609
          90    0.439539
          91    0.439464
          92    0.439393
          93    0.439322
          94    0.439251
          95    0.439181
          96    0.439109
          97     0.43904
          98     0.43897
          99    0.438899
         100    0.438832
           1    0.438632
           2    0.438551
           3    0.438467
           4    0.438387
           5    0.438307
           6     0.43823
           7    0.438149
           8    0.438068
           9    0.437985
          10    0.437908
          11    0.437827
          12    0.437745
          13    0.437665
          14    0.437583
          15    0.437505
          16    0.437426
          17    0.437348
          18    0.437269
          19     0.43719
          20    0.437111
          21    0.437031
          22     0.43695
          23    0.436875
          24    0.436795
          25    0.436718
          26    0.436641
          27    0.436561
          28    0.436482
          29    0.436405
          30    0.436325
          31    0.436246
          32    0.436169
          33     0.43609
          34     0.43601
          35    0.435936
          36    0.435859
          37    0.435781
          38    0.435703
          39    0.435624
          40    0.435547
          41    0.435469
          42    0.435388
          43     0.43531
          44    0.435229
          45    0.435152
          46    0.435076
          47    0.435001
          48    0.434922
          49    0.434844
          50    0.434766
          51    0.434691
          52    0.434612
          53    0.434535
          54    0.434458
          55     0.43438
          56    0.434307
          57     0.43423
          58    0.434156
          59     0.43408
          60    0.434003
          61    0.433931
          62    0.433854
          63    0.433774
          64    0.433698
          65    0.433623
          66    0.433551
          67    0.433477
          68    0.433401
          69    0.433324
          70    0.433249
          71    0.433178
          72    0.433102
          73    0.433026
          74    0.432954
          75     0.43288
          76    0.432808
          77    0.432734
          78    0.432664
          79    0.432589
          80    0.432512
          81    0.432439
          82    0.432364
          83    0.432291
          84    0.432215
          85    0.432143
          86    0.432069
          87    0.431994
          88    0.431919
          89    0.431845
          90    0.431773
          91    0.431701
          92    0.431628
          93    0.431554
          94    0.431483
          95    0.431408
          96    0.431334
          97    0.431261
          98    0.431189
          99    0.431117
         100    0.431043
           1    0.430836
           2    0.430754
           3    0.430671
           4    0.430586
           5    0.430503
           6    0.430416
           7    0.430337
           8    0.430253
           9    0.430173
          10    0.430088
          11    0.430006
          12    0.429922
          13     0.42984
          14    0.429757
          15    0.429675
          16    0.429593
          17    0.429513
          18    0.429432
          19    0.429349
          20    0.429268
          21    0.429189
          22    0.429105
          23    0.429024
          24    0.428943
          25    0.428864
          26    0.428785
          27    0.428703
          28    0.428623
          29    0.428542
          30    0.428464
          31     0.42838
          32      0.4283
          33    0.428218
          34     0.42814
          35    0.428062
          36    0.427982
          37      0.4279
          38    0.427821
          39     0.42774
          40    0.427664
          41    0.427588
          42    0.427507
          43    0.427425
          44    0.427344
          45    0.427263
          46    0.427182
          47    0.427101
          48    0.427025
          49    0.426947
          50    0.426871
          51    0.426793
          52    0.426716
          53    0.426635
          54     0.42656
          55    0.426482
          56    0.426401
          57     0.42632
          58    0.426242
          59    0.426165
          60    0.426089
          61     0.42601
          62    0.425932
          63    0.425855
          64    0.425778
          65    0.425699
          66    0.425624
          67    0.425548
          68     0.42547
          69    0.425396
          70    0.425319
          71    0.425243
          72    0.425166
          73    0.425091
          74    0.425017
          75    0.424939
          76    0.424863
          77    0.424788
          78    0.424713
          79    0.424635
          80    0.424559
          81    0.424482
          82    0.424407
          83    0.424331
          84    0.424255
          85     0.42418
          86    0.424104
          87    0.424027
          88     0.42395
          89    0.423874
          90    0.423798
          91    0.423722
          92    0.423646
          93     0.42357
          94    0.423496
          95     0.42342
          96    0.423343
          97    0.423268
          98    0.423194
          99    0.423121
         100    0.423049
           1    0.422837
           2     0.42275
           3    0.422664
           4    0.422582
           5    0.422501
           6    0.422417
           7    0.422336
           8     0.42225
           9    0.422165
          10    0.422079
          11    0.421995
          12    0.421909
          13    0.421829
          14    0.421742
          15    0.421659
          16    0.421571
          17    0.421488
          18    0.421407
          19     0.42132
          20    0.421238
          21    0.421153
          22    0.421071
          23    0.420987
          24    0.420902
          25     0.42082
          26    0.420738
          27    0.420657
          28    0.420575
          29    0.420491
          30    0.420407
          31    0.420322
          32    0.420242
          33    0.420157
          34    0.420073
          35    0.419996
          36    0.419912
          37    0.419834
          38    0.419751
          39    0.419672
          40     0.41959
          41    0.419506
          42    0.419425
          43    0.419344
          44    0.419261
          45     0.41918
          46    0.419099
          47     0.41902
          48    0.418939
          49    0.418859
          50    0.418776
          51      0.4187
          52    0.418621
          53    0.418543
          54    0.418464
          55    0.418383
          56    0.418302
          57    0.418222
          58    0.418142
          59    0.418063
          60    0.417984
          61    0.417903
          62    0.417822
          63     0.41774
          64    0.417662
          65    0.417582
          66    0.417504
          67    0.417424
          68    0.417344
          69    0.417268
          70    0.417188
          71    0.417111
          72    0.417032
          73    0.416952
          74    0.416873
          75    0.416796
          76    0.416716
          77    0.416638
          78    0.416561
          79     0.41648
          80    0.416399
          81    0.416321
          82    0.416242
          83    0.416164
          84    0.416086
          85    0.416008
          86    0.415928
          87    0.415849
          88     0.41577
          89    0.415691
          90    0.415615
          91    0.415533
          92    0.415455
          93    0.415379
          94    0.415301
          95    0.415224
          96    0.415148
          97    0.415069
          98    0.414988
          99     0.41491
         100    0.414832
           1    0.414613
           2    0.414524
           3    0.414438
           4    0.414351
           5    0.414264
           6    0.414174
           7    0.414085
           8    0.414001
           9    0.413917
          10    0.413828
          11    0.413741
          12    0.413655
          13     0.41357
          14    0.413484
          15    0.413397
          16     0.41331
          17    0.413223
          18    0.413138
          19    0.413049
          20     0.41296
          21    0.412875
          22    0.412789
          23    0.412703
          24     0.41262
          25    0.412532
          26    0.412445
          27    0.412359
          28    0.412277
          29    0.412197
          30    0.412114
          31    0.412028
          32    0.411944
          33     0.41186
          34    0.411776
          35    0.411694
          36     0.41161
          37    0.411526
          38    0.411445
          39     0.41136
          40    0.411276
          41    0.411195
          42    0.411111
          43    0.411029
          44    0.410948
          45    0.410863
          46    0.410781
          47    0.410699
          48    0.410619
          49    0.410536
          50     0.41045
          51    0.410369
          52    0.410287
          53    0.410204
          54    0.410125
          55    0.410042
          56    0.409962
          57    0.409881
          58    0.409799
          59    0.409716
          60    0.409635
          61    0.409552
          62     0.40947
          63    0.409391
          64    0.409309
          65     0.40923
          66    0.409149
          67    0.409067
          68    0.408986
          69    0.408904
          70    0.408825
          71    0.408743
          72     0.40866
          73    0.408578
          74      0.4085
          75    0.408419
          76    0.408337
          77    0.408257
          78    0.408175
          79    0.408095
          80    0.408014
          81    0.407932
          82    0.407852
          83    0.407774
          84    0.407696
          85    0.407618
          86    0.407539
          87     0.40746
          88     0.40738
          89      0.4073
          90    0.407219
          91     0.40714
          92    0.407061
          93    0.406981
          94    0.406899
          95    0.406818
          96    0.406742
          97    0.406662
          98    0.406579
          99    0.406501
         100    0.406422
           1    0.406197
           2    0.406107
           3    0.406019
           4    0.405931
           5    0.405841
           6    0.405754
           7    0.405663
           8    0.405576
           9    0.405487
          10    0.405398
          11     0.40531
          12    0.405222
          13    0.405135
          14    0.405048
          15    0.404961
          16    0.404873
          17    0.404786
          18    0.404699
          19    0.404615
          20    0.404528
          21    0.404441
          22    0.404356
          23    0.404268
          24    0.404181
          25    0.404092
          26    0.404006
          27    0.403918
          28    0.403833
          29     0.40375
          30    0.403665
          31    0.403577
          32    0.403491
          33    0.403404
          34    0.403318
          35    0.403233
          36    0.403145
          37    0.403058
          38    0.402972
          39    0.402884
          40      0.4028
          41    0.402716
          42    0.402632
          43    0.402546
          44    0.402462
          45    0.402375
          46    0.402289
          47    0.402205
          48     0.40212
          49    0.402035
          50    0.401951
          51    0.401865
          52    0.401781
          53    0.401696
          54     0.40161
          55    0.401527
          56    0.401446
          57     0.40136
          58    0.401273
          59     0.40119
          60    0.401106
          61    0.401022
          62    0.400938
          63    0.400855
          64     0.40077
          65    0.400683
          66    0.400597
          67    0.400513
          68    0.400431
          69    0.400347
          70    0.400265
          71     0.40018
          72    0.400096
          73    0.400015
          74    0.399933
          75    0.399852
          76    0.399771
          77    0.399688
          78    0.399607
          79    0.399524
          80    0.399445
          81    0.399361
          82     0.39928
          83    0.399199
          84    0.399114
          85     0.39903
          86    0.398949
          87    0.398865
          88    0.398783
          89    0.398703
          90    0.398621
          91    0.398536
          92    0.398454
          93    0.398372
          94    0.398291
          95     0.39821
          96    0.398128
          97    0.398048
          98    0.397963
          99    0.397884
         100    0.397803
           1    0.397572
           2    0.397479
           3    0.397389
           4    0.397298
           5    0.397209
           6    0.397121
           7     0.39703
           8    0.396942
           9    0.396852
          10    0.396764
          11    0.396674
          12    0.396585
          13    0.396493
          14    0.396404
          15    0.396314
          16    0.396223
          17    0.396131
          18    0.396045
          19    0.395956
          20    0.395866
          21    0.395778
          22     0.39569
          23    0.395604
          24    0.395514
          25    0.395426
          26    0.395333
          27    0.395246
          28    0.395158
          29    0.395066
          30    0.394981
          31    0.394894
          32    0.394809
          33    0.394723
          34    0.394634
          35    0.394548
          36    0.394462
          37    0.394373
          38    0.394286
          39    0.394202
          40    0.394115
          41    0.394027
          42    0.393937
          43    0.393849
          44    0.393765
          45    0.393676
          46    0.393587
          47      0.3935
          48    0.393414
          49    0.393327
          50    0.393242
          51    0.393156
          52    0.393069
          53    0.392983
          54    0.392895
          55    0.392811
          56    0.392725
          57    0.392637
          58    0.392553
          59    0.392468
          60    0.392383
          61    0.392299
          62    0.392209
          63    0.392122
          64    0.392037
          65    0.391951
          66    0.391866
          67    0.391783
          68    0.391699
          69    0.391615
          70    0.391528
          71    0.391443
          72    0.391362
          73    0.391279
          74    0.391192
          75    0.391105
          76     0.39102
          77    0.390937
          78    0.390854
          79    0.390771
          80    0.390686
          81    0.390601
          82    0.390517
          83    0.390432
          84    0.390347
          85    0.390264
          86    0.390181
          87    0.390096
          88    0.390015
          89    0.389928
          90    0.389843
          91    0.389758
          92    0.389679
          93    0.389594
          94    0.389514
          95    0.389428
          96    0.389345
          97    0.389264
          98    0.389182
          99    0.389098
         100    0.389019
           1    0.388787
           2    0.388698
           3    0.388607
           4    0.388514
           5     0.38842
           6    0.388328
           7    0.388239
           8    0.388147
           9    0.388055
          10    0.387963
          11    0.387871
          12    0.387779
          13    0.387688
          14    0.387595
          15    0.387503
          16    0.387411
          17    0.387322
          18     0.38723
          19    0.387141
          20    0.387051
          21    0.386964
          22    0.386872
          23    0.386779
          24    0.386686
          25    0.386595
          26    0.386503
          27    0.386413
          28    0.386322
          29    0.386236
          30    0.386148
          31    0.386061
          32    0.385971
          33    0.385878
          34    0.385787
          35    0.385698
          36    0.385608
          37    0.385516
          38    0.385428
          39    0.385338
          40    0.385247
          41    0.385157
          42    0.385074
          43    0.384987
          44    0.384898
          45    0.384807
          46    0.384716
          47     0.38463
          48     0.38454
          49    0.384453
          50    0.384362
          51    0.384278
          52     0.38419
          53      0.3841
          54    0.384012
          55    0.383922
          56    0.383836
          57    0.383747
          58     0.38366
          59    0.383574
          60    0.383488
          61    0.383399
          62    0.383311
          63    0.383222
          64    0.383134
          65    0.383049
          66    0.382964
          67    0.382878
          68     0.38279
          69    0.382699
          70    0.382612
          71    0.382524
          72    0.382437
          73    0.382351
          74    0.382266
          75     0.38218
          76    0.382093
          77    0.382008
          78    0.381918
          79     0.38183
          80    0.381741
          81    0.381657
          82     0.38157
          83    0.381482
          84    0.381398
          85    0.381313
          86    0.381229
          87    0.381144
          88    0.381054
          89    0.380966
          90    0.380881
          91    0.380794
          92     0.38071
          93    0.380625
          94    0.380543
          95    0.380456
          96    0.380372
          97    0.380285
          98    0.380197
          99    0.380112
         100    0.380028
           1    0.379794
           2    0.379701
           3    0.379607
           4    0.379514
           5     0.37942
           6    0.379327
           7    0.379232
           8    0.379138
           9    0.379045
          10    0.378952
          11    0.378858
          12    0.378766
          13    0.378673
          14    0.378583
          15    0.378488
          16    0.378395
          17    0.378303
          18    0.378209
          19    0.378116
          20    0.378021
          21     0.37793
          22    0.377838
          23    0.377747
          24    0.377655
          25    0.377563
          26     0.37747
          27    0.377377
          28    0.377287
          29    0.377196
          30    0.377107
          31    0.377018
          32    0.376923
          33     0.37683
          34    0.376737
          35    0.376647
          36    0.376556
          37    0.376465
          38    0.376374
          39    0.376284
          40    0.376192
          41    0.376101
          42     0.37601
          43    0.375922
          44    0.375832
          45    0.375744
          46     0.37565
          47    0.375557
          48    0.375464
          49    0.375373
          50    0.375282
          51    0.375194
          52    0.375104
          53    0.375016
          54    0.374929
          55    0.374841
          56    0.374749
          57     0.37466
          58    0.374572
          59    0.374484
          60    0.374394
          61     0.37431
          62    0.374221
          63    0.374132
          64    0.374041
          65    0.373954
          66    0.373867
          67    0.373779
          68    0.373692
          69    0.373602
          70    0.373514
          71    0.373424
          72    0.373334
          73    0.373245
          74    0.373156
          75    0.373069
          76    0.372983
          77    0.372895
          78    0.372807
          79    0.372717
          80    0.372628
          81    0.372543
          82    0.372453
          83    0.372363
          84    0.372274
          85     0.37219
          86    0.372102
          87    0.372013
          88    0.371925
          89    0.371839
          90    0.371754
          91    0.371664
          92    0.371573
          93    0.371484
          94    0.371395
          95    0.371307
          96    0.371219
          97    0.371132
          98    0.371045
          99    0.370958
         100    0.370873
           1    0.370636
           2     0.37054
           3    0.370447
           4    0.370349
           5    0.370253
           6     0.37016
           7    0.370064
           8     0.36997
           9    0.369879
          10    0.369783
          11    0.369691
          12    0.369596
          13    0.369502
          14     0.36941
          15    0.369318
          16    0.369224
          17    0.369128
          18    0.369029
          19    0.368933
          20     0.36884
          21    0.368747
          22    0.368652
          23     0.36856
          24    0.368466
          25    0.368371
          26    0.368278
          27    0.368184
          28    0.368091
          29    0.367996
          30    0.367905
          31    0.367813
          32    0.367719
          33    0.367626
          34    0.367533
          35    0.367446
          36    0.367352
          37     0.36726
          38     0.36717
          39    0.367078
          40    0.366984
          41    0.366894
          42      0.3668
          43    0.366709
          44    0.366617
          45    0.366526
          46    0.366435
          47    0.366343
          48    0.366248
          49    0.366155
          50    0.366064
          51    0.365975
          52    0.365887
          53    0.365794
          54    0.365703
          55    0.365611
          56    0.365522
          57    0.365426
          58    0.365334
          59    0.365243
          60    0.365151
          61    0.365058
          62    0.364972
          63    0.364882
          64     0.36479
          65    0.364703
          66    0.364612
          67    0.364523
          68    0.364436
          69    0.364346
          70    0.364259
          71    0.364172
          72    0.364077
          73     0.36399
          74    0.363902
          75    0.363813
          76    0.363725
          77    0.363636
          78    0.363546
          79    0.363459
          80     0.36337
          81    0.363283
          82    0.363195
          83    0.363104
          84    0.363014
          85    0.362926
          86    0.362837
          87    0.362747
          88     0.36266
          89    0.362572
          90    0.362483
          91    0.362392
          92    0.362303
          93    0.362216
          94    0.362131
          95    0.362042
          96    0.361953
          97    0.361864
          98    0.361778
          99    0.361689
         100    0.361602
           1    0.361364
           2     0.36127
           3    0.361174
           4    0.361075
           5    0.360976
           6    0.360883
           7    0.360789
           8    0.360694
           9    0.360595
          10    0.360502
          11    0.360406
          12    0.360311
          13    0.360214
          14    0.360117
          15    0.360023
          16    0.359929
          17    0.359834
          18     0.35974
          19    0.359646
          20    0.359551
          21    0.359459
          22    0.359365
          23    0.359271
          24     0.35918
          25    0.359084
          26    0.358989
          27    0.358897
          28    0.358804
          29     0.35871
          30    0.358615
          31    0.358523
          32    0.358428
          33    0.358336
          34    0.358241
          35    0.358148
          36    0.358057
          37    0.357964
          38    0.357872
          39    0.357779
          40    0.357685
          41    0.357593
          42    0.357501
          43     0.35741
          44    0.357317
          45    0.357226
          46    0.357133
          47    0.357038
          48    0.356945
          49    0.356854
          50    0.356757
          51    0.356667
          52    0.356574
          53    0.356482
          54    0.356391
          55    0.356301
          56    0.356208
          57    0.356118
          58    0.356022
          59     0.35593
          60    0.355837
          61    0.355748
          62    0.355657
          63    0.355566
          64    0.355475
          65    0.355383
          66    0.355292
          67    0.355198
          68     0.35511
          69    0.355021
          70    0.354931
          71     0.35484
          72    0.354751
          73     0.35466
          74    0.354567
          75    0.354478
          76    0.354386
          77    0.354294
          78    0.354203
          79    0.354112
          80    0.354021
          81    0.353929
          82    0.353838
          83    0.353745
          84    0.353654
          85    0.353565
          86    0.353474
          87    0.353383
          88    0.353294
          89    0.353204
          90    0.353113
          91    0.353024
          92    0.352934
          93    0.352843
          94    0.352752
          95    0.352659
          96    0.352568
          97     0.35248
          98    0.352392
          99    0.352299
         100    0.352209
           1     0.35197
           2    0.351874
           3    0.351777
           4    0.351678
           5    0.351585
           6    0.351486
           7    0.351391
           8    0.351296
           9      0.3512
          10    0.351101
          11    0.351006
          12    0.350913
          13    0.350817
          14    0.350719
          15    0.350626
          16    0.350538
          17    0.350444
          18    0.350349
          19    0.350254
          20    0.350162
          21    0.350067
          22    0.349973
          23    0.349879
          24    0.349785
          25    0.349688
          26    0.349595
          27    0.349505
          28     0.34941
          29    0.349318
          30    0.349219
          31    0.349122
          32    0.349026
          33    0.348929
          34    0.348833
          35    0.348739
          36    0.348646
          37    0.348552
          38    0.348459
          39    0.348365
          40    0.348271
          41    0.348175
          42    0.348083
          43     0.34799
          44    0.347894
          45    0.347806
          46    0.347714
          47    0.347623
          48    0.347528
          49    0.347434
          50    0.347341
          51    0.347247
          52    0.347156
          53    0.347066
          54    0.346971
          55    0.346882
          56    0.346791
          57    0.346697
          58    0.346608
          59    0.346518
          60    0.346426
          61    0.346334
          62    0.346242
          63    0.346148
          64    0.346058
          65    0.345964
          66    0.345872
          67    0.345782
          68    0.345691
          69    0.345599
          70    0.345508
          71    0.345416
          72    0.345324
          73    0.345229
          74    0.345139
          75    0.345049
          76    0.344958
          77    0.344868
          78    0.344775
          79    0.344681
          80     0.34459
          81    0.344501
          82     0.34441
          83    0.344319
          84     0.34423
          85    0.344138
          86    0.344048
          87    0.343955
          88    0.343862
          89    0.343767
          90    0.343677
          91    0.343588
          92    0.343498
          93    0.343407
          94    0.343318
          95    0.343225
          96     0.34313
          97    0.343036
          98    0.342944
          99    0.342852
         100    0.342761
           1    0.342513
           2    0.342414
           3    0.342315
           4    0.342218
           5    0.342121
           6    0.342023
           7     0.34192
           8    0.341825
           9    0.341727
          10    0.341631
          11    0.341537
          12     0.34144
          13    0.341346
          14    0.341249
          15    0.341154
          16    0.341054
          17     0.34096
          18    0.340864
          19    0.340765
          20    0.340668
          21    0.340571
          22    0.340475
          23    0.340383
          24    0.340286
          25    0.340185
          26    0.340089
          27    0.339995
          28    0.339897
          29    0.339804
          30    0.339708
          31    0.339614
          32    0.339523
          33    0.339427
          34    0.339334
          35    0.339241
          36    0.339148
          37     0.33905
          38    0.338948
          39    0.338853
          40    0.338763
          41    0.338671
          42    0.338576
          43    0.338486
          44     0.33839
          45    0.338294
          46    0.338201
          47    0.338106
          48    0.338009
          49    0.337911
          50    0.337818
          51    0.337724
          52     0.33763
          53    0.337533
          54    0.337438
          55    0.337343
          56    0.337248
          57    0.337151
          58    0.337057
          59    0.336965
          60    0.336869
          61     0.33678
          62    0.336689
          63    0.336598
          64    0.336507
          65    0.336413
          66    0.336321
          67     0.33623
          68    0.336136
          69    0.336042
          70    0.335948
          71    0.335857
          72    0.335767
          73    0.335671
          74    0.335576
          75    0.335482
          76    0.335393
          77    0.335298
          78    0.335203
          79     0.33511
          80    0.335013
          81    0.334923
          82    0.334831
          83    0.334738
          84    0.334653
          85    0.334563
          86    0.334472
          87    0.334379
          88    0.334288
          89    0.334194
          90    0.334103
          91     0.33401
          92    0.333919
          93    0.333827
          94    0.333738
          95    0.333649
          96    0.333558
          97    0.333466
          98    0.333374
          99     0.33328
         100    0.333189
           1    0.332942
           2    0.332847
           3    0.332749
           4    0.332652
           5    0.332559
           6    0.332459
           7    0.332364
           8    0.332265
           9    0.332164
          10    0.332067
          11    0.331967
          12    0.331871
          13    0.331776
          14    0.331677
          15    0.331579
          16    0.331484
          17    0.331386
          18    0.331296
          19    0.331203
          20    0.331111
          21    0.331016
          22    0.330919
          23    0.330821
          24    0.330725
          25    0.330624
          26    0.330526
          27    0.330433
          28    0.330334
          29    0.330239
          30     0.33014
          31    0.330048
          32     0.32995
          33    0.329855
          34    0.329758
          35    0.329664
          36    0.329572
          37    0.329478
          38    0.329385
          39    0.329288
          40    0.329188
          41    0.329098
          42    0.329003
          43    0.328909
          44    0.328815
          45    0.328718
          46    0.328625
          47    0.328531
          48    0.328439
          49    0.328344
          50    0.328248
          51    0.328147
          52    0.328051
          53    0.327953
          54    0.327859
          55    0.327764
          56    0.327668
          57    0.327569
          58    0.327478
          59    0.327379
          60    0.327285
          61    0.327194
          62      0.3271
          63    0.327002
          64    0.326914
          65     0.32682
          66    0.326729
          67    0.326633
          68     0.32654
          69     0.32645
          70    0.326359
          71    0.326264
          72    0.326171
          73    0.326082
          74    0.325986
          75    0.325894
          76    0.325803
          77    0.325714
          78    0.325623
          79     0.32553
          80    0.325436
          81    0.325344
          82    0.325252
          83     0.32516
          84    0.325067
          85    0.324977
          86    0.324888
          87    0.324797
          88    0.324706
          89    0.324617
          90    0.324529
          91    0.324432
          92    0.324336
          93    0.324239
          94    0.324147
          95    0.324051
          96     0.32396
          97    0.323867
          98    0.323776
          99    0.323684
         100    0.323589
           1    0.323347
           2    0.323249
           3    0.323151
           4    0.323057
           5    0.322959
           6    0.322864
           7    0.322764
           8    0.322665
           9    0.322572
          10    0.322477
          11    0.322381
          12    0.322282
          13    0.322187
          14    0.322089
          15     0.32199
          16    0.321898
          17    0.321799
          18    0.321702
          19    0.321603
          20    0.321506
          21    0.321408
          22    0.321312
          23    0.321215
          24    0.321116
          25    0.321014
          26    0.320913
          27    0.320817
          28    0.320722
          29    0.320625
          30    0.320529
          31    0.320433
          32    0.320335
          33    0.320237
          34    0.320139
          35    0.320041
          36    0.319949
          37    0.319852
          38    0.319756
          39    0.319658
          40    0.319565
          41    0.319474
          42    0.319376
          43    0.319283
          44    0.319189
          45    0.319094
          46    0.318999
          47    0.318904
          48    0.318807
          49     0.31871
          50    0.318617
          51    0.318523
          52    0.318431
          53    0.318342
          54    0.318254
          55    0.318161
          56    0.318064
          57     0.31797
          58    0.317882
          59    0.317788
          60    0.317696
          61      0.3176
          62    0.317505
          63     0.31741
          64    0.317315
          65    0.317224
          66    0.317129
          67    0.317042
          68    0.316949
          69    0.316854
          70    0.316758
          71    0.316665
          72    0.316577
          73    0.316483
          74    0.316389
          75    0.316292
          76    0.316195
          77    0.316103
          78    0.316008
          79    0.315914
          80     0.31582
          81     0.31573
          82    0.315642
          83     0.31555
          84    0.315454
          85    0.315368
          86    0.315274
          87    0.315181
          88     0.31509
          89    0.314996
          90    0.314915
          91    0.314824
          92    0.314732
          93    0.314638
          94    0.314542
          95     0.31445
          96    0.314357
          97    0.314263
          98     0.31417
          99    0.314075
         100     0.31398
