2409.2
2313.87
2303.65
2230.2
2183.5
2102.86
2063
2020.73
2020.73
2003.58
1960.99
1950.04
1887.2
1887.2
1870.56
1851.47
1812.67
1812.67
1736.59
1710.15
1710.15
1710.15
1673.13
1613.13
1613.13
1559.53
1559.53
1536.09
1467.52
1452.02
1447.52
1407.28
1390.2
1390.2
1383.22
1357.86
1355.94
1328.42
1311.28
1305.83
1305.83
1298.93
1272.46
1272.46
1217.75
1210.3
1210.3
1195.34
1193.48
1181.21
1126.13
1077.57
1070.11
1062.91
1062.91
1050.15
1050.15
1030.96
1030.96
1023.3
987.02
987.02
987.02
950.622
932.711
917.296
917.296
908.424
908.424
882.011
882.011
882.011
855.067
855.067
855.067
848.177
845.27
840.235
840.235
832.067
832.067
815.474
815.474
795.24
787.858
787.858
787.277
716.952
713.491
713.491
709.213
709.213
708.742
705.704
704.436
699.956
694.028
694.028
684.42
684.42
681.543
658.281
658.281
643.313
643.313
643.313
643.313
638.03
638.03
638.03
636.794
636.794
636.794
631.002
626.283
621.563
611.963
611.437
604.493
603.195
594.448
594.448
591.514
590.913
590.913
585.666
585.666
580.412
580.412
580.412
568.405
568.405
567.732
567.732
560.831
560.831
558.577
549.279
549.279
549.279
549.279
545.829
545.12
540.938
540.938
539.081
539.081
530.666
530.666
530.666
530.666
433.709
433.709
429.459
429.459
429.459
429.209
422.434
422.434
422.434
422.434
412.336
412.336
412.336
412.336
408.798
390.64
390.64
390.64
390.64
390.136
389.26
388.911
388.911
387.708
378.884
378.884
378.884
378.164
377.436
377.436
375.262
375.262
375.262
372.802
372.279
371.929
364.932
364.932
364.932
364.932
363.576
362.655
362.117
360.397
358.934
358.934
358.934
358.934
351.592
351.592
313.447
313.447
312.604
306.616
301.341
301.341
301.341
301.341
301.118
296.93
296.93
296.93
296.93
294.878
292.388
292.388
292.388
292.388
291.793
291.218
291.218
285.244
285.244
285.244
285.244
281.805
281.805
278.91
278.91
278.91
278.91
278.91
276.957
276.957
276.067
274.452
274.452
274.263
273.153
273.153
271.565
271.565
270.813
270.813
270.813
270.76
270.76
267.806
267.806
267.806
232.307
231.513
231.513
231.513
226.672
226.672
226.672
225.22
225.22
225.191
223.728
222.81
222.622
222.622
221.838
220.434
220.434
220.434
220.434
220.434
216.83
215.343
211.453
211.453
208.405
208.405
208.405
204.656
204.656
204.656
204.656
204.656
204.656
199.086
199.086
199.086
191.237
191.237
190.304
190.304
190.304
187.236
187.236
187.236
184.069
184.069
184.069
182.247
180.786
178.782
178.782
175.987
175.987
175.987
175.987
173.906
173.349
173.349
172.933
170.706
170.706
170.706
170.706
169.685
169.685
169.189
167.819
167.819
161.468
161.468
161.468
160.799
158.623
158.623
157.954
157.829
157.829
157.829
156.324
155.284
155.284
154.786
151.901
151.901
151.901
148.888
148.888
148.424
148.219
145.718
145.718
143.557
143.557
143.557
143.557
143.557
142.588
142.588
142.588
142.023
142.023
142.023
140.358
140.358
140.358
140.358
140.358
136.924
135.076
135.076
135.076
134.919
134.314
134.029
134.029
134.029
131.938
131.938
131.938
131.938
131.938
131.938
130.565
130.565
129.465
129.118
129.118
128.67
128.67
128.23
128.23
128.23
128.23
128.054
128.054
128.054
128.054
127.897
127.897
127.897
127.897
127.414
125.109
125.109
125.109
125.109
124.551
124.551
123.895
123.61
123.234
121.36
121.36
120.151
120.151
119.491
116.063
116.063
116.063
116.063
116.063
115.839
115.839
115.839
115.839
115.807
115.807
115.807
114.351
114.351
114.351
113.652
113.652
113.652
113.652
113.652
111.493
111.493
111.493
111.307
111.307
111.307
111.307
110.163
110.163
110.163
110.163
110.163
110.163
108.397
108.397
108.397
108.397
107.431
107.431
106.715
106.715
106.715
106.538
106.538
106.538
106.538
106.538
106.538
106.538
106.538
106.538
106.538
106.538
106.124
103.783
103.783
103.783
103.783
103.783
103.783
103.783
103.387
103.387
103.387
103.387
103.387
103.387
103.387
103.387
103.387
103.387
102.841
102.841
101.322
101.322
101.322
101.322
97.9219
97.9219
97.9219
97.5665
97.5665
97.5665
97.5665
97.5665
97.5665
97.5665
96.0278
96.0278
96.0278
94.8194
94.8194
94.8194
94.8194
94.8194
94.8194
94.8194
94.8194
94.1203
94.1203
94.1203
94.1203
94.003
91.3567
91.3567
91.3567
91.3567
91.3567
91.3567
91.3567
91.166
91.166
91.166
91.166
91.0377
91.0377
91.0377
91.0377
91.0377
91.0377
90.4596
90.4596
90.4596
90.0882
90.0882
90.0882
90.0882
90.0882
89.6149
89.6149
89.6149
89.6149
89.6149
89.6149
89.6149
89.6149
89.6149
89.6149
89.6149
89.5718
89.5718
89.5718
89.5718
89.5718
89.5718
89.2787
89.2787
89.1327
89.1327
89.1327
89.1327
88.2882
88.2882
88.2882
88.2882
88.2882
88.2882
86.072
86.072
86.072
86.072
86.072
86.072
86.072
86.072
86.072
86.072
86.072
86.072
86.0388
85.9599
85.9599
85.9599
85.9599
85.9599
85.9599
85.9599
85.9599
85.9599
84.705
84.705
84.705
84.705
84.705
84.705
84.705
84.705
84.705
84.705
84.705
84.705
83.9599
83.9599
83.9599
82.3518
82.3518
82.3518
82.3518
82.3518
81.5505
81.5505
81.5505
81.5505
81.5505
80.1803
80.1803
80.1803
80.1803
80.1803
80.1803
80.1803
80.1803
80.1803
79.2104
79.2104
79.2104
79.2104
79.2104
79.2104
78.6543
78.6543
78.6543
78.4805
78.4805
78.4805
78.4805
78.4805
78.4805
78.4805
78.4805
78.4805
78.4805
78.4805
78.4805
78.4805
78.4805
78.4805
78.4805
78.4805
78.4805
78.4805
78.4805
78.4805
78.4805
75.6253
75.6253
75.6253
75.6253
75.6253
75.6253
75.6253
75.5305
75.4211
75.4211
75.4211
75.4211
75.4211
75.4211
75.4211
74.9533
74.9533
74.9533
74.9533
74.9533
74.9533
74.9533
74.9533
74.9533
74.9533
74.9533
74.9533
74.9533
74.9533
74.9533
74.8294
74.7565
74.7565
74.7565
74.7565
74.6326
74.6326
74.6326
74.6326
74.6326
74.6326
74.6326
74.6326
73.431
73.431
73.431
73.431
73.431
73.431
73.431
72.3593
72.2427
72.2427
72.2427
72.2427
72.2427
72.2427
71.9959
71.9959
71.9959
71.9959
71.9959
71.9959
71.9959
71.9959
71.9959
71.9959
71.9959
71.9959
71.9959
71.9959
71.9959
71.9959
71.9959
71.9959
71.9959
71.9959
71.9959
71.9959
71.9959
71.9959
71.6104
71.6104
71.6104
71.6104
71.6104
71.6104
71.6104
71.6104
71.6104
70.8338
70.8338
70.2985
70.2985
70.2985
70.2985
70.2985
70.2985
70.2985
70.2985
68.01
68.01
68.01
68.01
68.01
68.01
68.01
68.01
68.01
68.01
68.01
68.01
68.01
68.01
67.943
67.943
67.943
67.943
67.943
67.943
67.943
67.943
67.943
67.2454
67.2454
67.2454
67.2454
67.2454
67.2454
67.0629
67.0629
67.0629
67.0629
67.0629
67.0629
67.0629
67.0629
67.0629
67.0629
67.0629
67.0629
67.0629
67.0629
67.0629
67.0629
67.0629
67.0629
67.0629
67.0629
67.0629
65.2782
65.2782
65.2782
65.2782
65.2782
65.2782
65.2782
65.2782
65.2782
65.2782
65.2782
65.2782
65.2782
65.2782
65.2782
65.2782
65.2782
65.2782
65.2782
65.2782
65.2782
65.2782
65.2782
65.2782
65.2782
65.2782
65.2782
65.2782
65.2782
65.2782
65.2782
65.2782
65.2782
65.2782
65.2782
64.7036
64.7036
64.7036
64.7036
64.7036
64.7036
64.7036
64.1812
64.1812
64.1812
64.1812
64.1812
64.1812
64.1812
64.1812
64.1796
64.1796
64.1796
64.1796
64.1796
64.1796
64.1796
64.1796
64.1796
64.1796
64.1796
64.1796
64.1796
64.1796
64.1796
64.1796
64.1796
64.1796
64.1796
64.1796
64.1796
64.1796
64.1796
64.1796
64.1796
64.1796
64.1796
64.1796
64.1796
64.1796
64.1796
64.1796
64.1478
64.1478
64.1478
64.1478
64.1478
63.6057
63.6057
63.6057
63.5731
63.5731
63.0814
63.0814
63.0814
63.0814
63.0814
63.0814
63.0814
63.0814
63.0814
63.0814
63.0814
63.0814
63.0814
63.0814
63.0814
63.0814
63.0814
63.0814
63.0814
63.0814
63.075
63.075
63.075
63.075
63.075
63.075
63.075
63.075
63.075
63.075
63.075
63.075
63.075
63.075
63.075
63.075
63.075
63.075
63.075
63.075
63.075
63.075
63.075
63.075
63.075
63.075
63.075
63.075
63.075
63.075
63.075
63.075
62.9723
62.9723
62.9723
62.9723
62.9723
62.9723
62.5416
62.5416
62.5416
62.5416
62.5416
62.5416
62.5416
62.5416
62.5416
62.5416
62.4107
62.4107
62.4107
62.4107
62.4107
62.4107
62.4107
62.4107
62.4107
62.4107
62.4107
61.8973
61.8973
61.8973
61.8973
61.8973
61.8973
61.8973
61.8973
61.8973
61.8973
61.8973
61.8973
61.8973
61.8973
61.8973
61.7908
61.7908
61.7908
61.7908
61.7908
61.7908
61.7908
61.7908
61.7908
61.7908
61.7908
61.7908
61.7908
61.7908
61.2892
61.2892
61.2892
61.2892
61.2892
61.2892
61.2892
61.2892
61.2892
61.2892
61.2892
61.2892
61.2892
61.2892
61.2892
61.2892
61.2892
61.2892
61.2892
61.2892
61.2892
61.2892
61.2892
61.2892
61.2892
61.2892
61.2892
61.2892
61.2892
61.2892
61.2892
61.2892
61.2892
61.2892
61.2892
61.2892
61.2892
61.2892
61.2892
61.2892
61.2892
61.2892
61.2892
61.2892
61.2892
61.2892
61.2892
61.2892
61.2892
61.2892
61.2051
61.2051
61.2051
61.2051
61.2051
61.2051
61.2051
61.2051
61.2051
61.2051
61.2051
61.2051
61.2051
61.2051
61.2051
61.2051
61.2051
61.2051
61.2051
61.2051
61.2051
61.2051
61.2051
61.2051
61.2051
61.2051
61.2051
61.2051
61.2051
61.2051
61.2051
61.2051
61.2051
61.2051
61.2051
61.2051
61.2051
61.2051
61.2051
61.2051
61.2051
61.2051
61.2051
61.2051
61.2051
61.2051
61.2051
61.2051
61.2051
61.2051
59.7982
59.7982
59.7982
59.7982
59.7982
59.7982
59.7982
59.7982
59.7982
59.7982
59.7982
59.7982
59.7982
59.7982
59.7982
59.7982
59.7982
59.7982
59.7982
59.7982
59.7982
59.7982
59.7982
59.7982
59.7982
59.7982
59.7982
59.7982
59.7982
59.7982
59.7982
59.7982
59.7982
59.7982
59.7982
59.7982
59.7982
59.7982
59.7982
59.7982
59.7982
59.7982
59.7982
59.7955
59.7955
59.7955
59.7955
59.7955
59.7955
59.7955
59.7955
59.7955
59.7955
59.7955
59.7955
59.7955
59.7955
59.7955
59.7955
59.7955
59.7955
59.7955
59.7955
59.7955
59.7955
59.7955
59.7955
59.7955
59.7955
59.7955
59.7955
59.7955
59.7955
59.7955
59.7955
59.7955
59.7955
59.7955
59.7955
59.7955
59.7955
59.7955
59.7955
59.7955
59.7955
59.7955
59.7955
59.7955
59.7955
59.7955
59.7955
59.7955
59.7955
59.7955
59.7955
59.7955
59.6258
59.6258
59.6258
59.6258
59.528
59.528
59.528
59.528
59.528
59.528
59.528
59.528
59.528
59.528
59.528
59.528
59.528
59.528
59.528
59.528
59.528
59.528
59.528
59.528
59.528
59.528
59.528
59.528
59.528
59.528
59.528
59.528
59.528
59.528
59.528
59.528
59.528
59.528
59.528
59.528
59.528
59.528
59.528
59.528
59.528
59.528
59.528
59.528
59.528
59.528
59.528
59.528
59.528
59.528
59.528
59.528
59.528
59.528
59.528
59.528
59.528
59.528
59.528
59.528
59.528
59.528
59.528
59.5253
59.5253
59.5253
59.5253
59.5253
59.5253
59.5253
59.5253
59.5253
59.5253
59.5253
59.5253
59.5253
59.5253
59.5253
59.5253
59.5253
59.5253
59.5253
59.5253
59.5253
59.5253
59.5253
59.5253
59.5253
59.5253
59.5253
59.5253
59.5253
59.5253
59.5253
59.5253
59.5253
59.5253
59.5253
59.5253
59.5253
59.1097
59.1097
59.1097
59.1097
59.1097
59.1097
59.1097
59.1097
59.1097
59.1097
59.1097
59.1097
59.1097
59.1097
59.1097
59.1097
59.1097
59.1097
59.1097
59.1097
59.1097
59.1097
59.1097
59.1097
59.1097
59.1097
59.1097
59.1097
59.1097
59.1097
59.1097
59.1097
59.1097
59.1097
59.1097
59.1097
59.1097
59.1097
59.1097
59.1097
59.1097
59.1097
59.1097
59.1097
59.1097
59.1097
59.1097
59.1097
59.1097
59.1097
58.7112
58.7112
58.7112
58.7112
58.7112
58.7112
58.7112
58.7112
58.7112
58.7112
58.7112
58.7112
58.7112
58.7112
58.7112
58.7112
58.7112
58.7112
58.7112
58.7112
58.7112
58.7112
58.7112
58.7112
58.7112
58.7112
58.7112
58.7112
58.7112
58.7112
58.7112
58.7112
58.7112
58.7112
58.7112
58.7112
58.7112
58.7112
58.7112
58.7112
58.7112
58.7112
58.7112
58.7112
58.7112
58.7112
58.7112
58.7112
58.7112
58.7112
58.7112
58.7112
58.7112
58.7112
58.7112
58.7112
58.7112
58.7112
58.7112
58.5923
58.5923
58.5923
58.5923
58.5923
58.5923
58.5923
58.5923
58.5923
58.5923
58.5923
58.5923
58.5923
58.5923
58.5923
58.5923
58.5923
58.5923
58.5923
58.5923
58.5923
58.5923
58.5923
58.5923
58.5923
58.5923
58.5923
58.5923
58.5923
58.5923
58.5923
58.5923
58.5923
58.5923
58.5923
58.5923
58.5923
58.5923
58.5923
58.5923
58.5923
58.5923
58.5923
58.5923
58.5923
58.5923
58.5923
58.5923
58.5923
58.5923
58.5923
58.5923
58.5923
58.5923
58.5923
58.5923
58.5923
58.5923
58.5923
58.5923
58.5923
58.5923
58.5923
58.5923
58.5923
58.5923
58.5923
58.5923
58.5923
58.5923
58.5923
58.5923
58.5923
58.5923
58.5923
58.5923
58.5923
58.5923
58.5923
58.5923
58.5923
58.5923
58.5923
58.5923
58.5923
58.5923
58.5923
58.5923
58.5923
58.5923
58.5923
57.2547
57.2547
57.2547
57.2547
57.2547
57.2547
57.2547
57.2547
57.2547
57.2547
57.2547
57.2547
57.2547
57.2547
57.2547
57.2547
57.2547
57.2547
57.2547
57.2547
57.2547
57.2547
57.2547
57.2547
57.2547
57.2547
57.2547
57.2547
57.2547
57.2547
57.2547
57.2547
57.2547
57.2547
57.2547
57.2547
57.2547
57.2547
57.2547
57.2547
57.2547
57.2547
57.2547
57.2547
57.2547
57.2547
57.2547
57.2547
57.2547
57.2547
57.2547
57.2547
57.2547
57.2547
57.2547
57.2547
57.2547
57.2547
57.2547
57.2547
57.2547
57.2547
57.2547
57.2547
57.2547
57.2547
57.2547
57.2547
57.2547
57.2547
57.2547
57.2547
57.2547
56.9343
56.9343
56.9343
56.9343
56.9343
56.9343
56.9343
56.9343
56.9343
56.9343
56.9343
56.9343
56.9343
56.9343
56.9343
56.9343
56.9343
56.9343
56.9343
56.9343
56.9343
56.9343
56.9343
56.9343
56.9343
56.9343
56.9343
56.9343
56.9343
56.9343
56.9343
56.9343
56.9343
56.9343
56.9343
56.9343
56.9343
56.9343
56.9343
56.9343
56.9343
56.9343
56.9343
56.9343
56.9343
56.9343
56.9343
56.9343
56.9343
56.9343
56.9343
56.9343
56.9343
56.9343
56.9343
56.9343
56.9343
56.9343
56.9343
56.9343
56.9343
56.9343
56.9343
56.9343
56.9343
56.9343
56.9343
56.9343
56.9343
56.9343
56.9343
56.9343
56.9343
56.9343
56.9343
56.9343
56.9343
56.9343
56.9343
56.9343
56.9343
56.9343
56.9343
56.9343
56.9343
56.9343
56.9343
56.9343
56.9343
56.9343
56.9343
56.9343
56.9343
56.9343
56.9343
56.9343
56.9343
56.9343
56.9343
56.9343
56.9343
56.9343
56.9343
56.9343
56.9343
56.9343
56.9343
56.9343
56.9343
56.9343
56.9343
56.9343
56.9343
56.9343
56.9343
56.9343
56.9343
56.9343
56.9343
56.8315
56.8315
56.8315
56.8315
56.8315
56.8315
56.8315
56.8315
56.8315
56.8315
56.8315
56.8315
56.8315
56.8315
56.8315
56.8315
56.8315
56.8315
56.8315
56.8315
56.8315
56.8315
56.8315
56.8315
56.8315
56.8315
56.8315
56.8315
56.8315
56.8315
56.8315
56.8315
56.8315
56.8315
56.8315
56.8315
56.8315
56.8315
56.8315
56.8315
56.8315
56.8315
56.8315
56.8315
56.8315
56.8315
56.8315
56.8315
56.8315
56.8315
56.8315
56.8315
56.8315
56.8315
56.8315
56.8315
56.8315
56.8315
56.5654
56.5654
56.5654
56.5654
56.5654
56.5654
56.5654
56.5654
56.5654
56.5654
56.5654
56.5654
56.5654
56.5654
56.5654
56.5654
56.5654
56.5654
56.5654
56.5654
56.5654
56.5654
56.5654
56.5654
56.5654
56.5654
56.5654
56.5654
56.5654
56.5654
56.5654
56.5654
56.5654
56.5654
56.5654
56.5654
56.5654
56.5654
56.5654
56.5654
56.5654
56.5654
56.5654
56.5654
56.5654
56.5654
56.5654
56.5654
56.5654
56.5654
56.5147
56.5147
56.5147
56.5147
56.5147
56.5147
56.5147
56.5147
56.5147
56.5147
56.5147
56.5147
56.5147
56.5147
56.5147
56.5147
56.5147
56.5147
56.5147
56.5147
56.5147
56.5147
56.5147
56.5147
56.5147
56.5147
56.5147
56.5147
56.5147
56.5147
56.5147
56.5147
56.5147
56.5147
56.5147
56.5147
56.5147
56.5147
56.5147
56.5147
56.5147
56.5147
56.5147
56.5147
56.5147
56.5147
56.5147
56.5147
56.5147
56.5147
56.1754
56.1754
56.1754
56.1754
56.1754
56.1754
56.1754
56.1754
56.1754
56.1754
56.1754
56.1754
56.1754
56.1754
56.1754
56.1754
56.1754
56.1754
56.1754
56.1754
56.1754
56.1754
56.1754
56.1754
56.1754
56.1754
56.1754
56.1754
56.1754
56.1754
56.1754
56.1754
56.1754
56.1754
56.1754
56.1754
56.1754
56.1754
56.1754
56.1754
56.1754
56.1754
56.1754
56.1754
56.1754
56.1754
56.1754
56.1754
56.1754
56.1754
56.1754
56.1754
56.1754
56.1754
56.1754
56.1754
56.1754
56.1754
56.1754
56.1754
56.1754
56.1754
56.1754
56.1754
56.1754
56.1754
56.1754
56.1754
56.1754
56.1754
56.1754
56.1754
56.1754
56.1754
56.1754
56.1754
56.1754
56.1754
56.1754
56.1754
56.1754
56.1754
56.1754
56.1754
56.1754
56.1754
56.1754
56.1754
56.1754
56.1754
56.1754
56.1754
56.1754
56.1754
56.1754
56.1754
56.1754
56.1754
56.1754
56.1754
56.1754
56.1754
56.1754
56.1754
56.1754
56.1754
56.1754
56.1754
56.1754
56.1754
56.1754
56.1754
56.1754
56.1754
56.1754
56.1754
56.1754
56.1754
56.1754
56.1754
56.1754
56.1754
56.1754
56.1754
56.1754
56.1754
56.1754
56.1754
56.1754
56.1754
56.1754
56.1754
56.1754
56.1754
56.1754
56.1754
56.1754
56.1754
56.1754
56.1754
56.1754
56.1754
56.1754
56.1754
56.1754
56.1754
56.1754
56.1754
56.1754
