2298.06
2230.34
2161.4
2161.4
2122.88
2059.1
1966.28
1958.88
1954.47
1872.62
1830.15
1830.15
1807.22
1734.64
1734.64
1723.81
1670.24
1605.66
1605.66
1574.45
1546.09
1545.08
1460.16
1460.16
1445.4
1445.4
1377.02
1373.97
1355.65
1346.85
1299
1296.71
1280.17
1280.06
1265.79
1263.99
1247.17
1241.41
1241.41
1196.33
1196.33
1190.51
1162.11
1149.89
1138.2
1138.2
1124.2
1124.2
1111.22
1089.97
1077.57
1033.59
1033.59
1033.59
1008.41
1008.41
1008.24
993.893
993.893
993.893
971.262
971.262
965.089
959.557
948.017
934.789
934.789
920.877
909.954
893.97
893.97
882.79
872.164
867.338
867.338
860.907
842.779
839.967
838.837
835.534
812.708
812.708
804.197
804.197
786.618
786.618
781.481
781.481
765.199
763.172
749.023
749.023
730.068
726.055
726.055
725.025
705.933
700.146
691.257
691.257
691.257
626.272
626.272
623.275
615.695
612.698
603.277
601.402
601.402
601.402
593.175
593.175
593.175
584.31
584.31
568.433
546.939
546.939
540.859
540.859
539.379
525.291
515.119
515.119
510.862
506.881
506.083
506.083
505.273
490.109
490.109
484.202
484.202
476.242
468.999
468.999
466.991
466.991
466.991
463.651
460.049
459.315
443.955
443.955
443.955
443.955
443.955
435.702
435.702
435.702
433.709
410.128
410.128
408.485
394.242
393.635
386.354
386.354
375.197
375.197
373.558
373.558
371.048
371.048
370.207
370.207
369.997
369.158
363.631
358.971
358.501
358.501
358.501
352.421
352.421
350.709
349.141
349.141
349.141
338.208
338.208
337.999
337.999
337.999
335.856
335.856
334.604
334.604
328.168
324.042
324.042
324.042
324.042
324.042
319.908
319.908
317.445
317.445
315.297
315.297
313.447
302.65
302.65
298.5
298.5
295.736
290.326
290.326
288.739
281.486
281.486
281.486
281.486
278.002
274.652
274.652
274.652
274.652
270.812
270.295
270.295
270.295
268.692
268.692
268.687
268.212
260.457
260.457
260.457
258.419
258.419
258.419
256.73
252.328
252.144
252.144
252.144
247.607
247.607
247.127
247.127
244.939
242.979
242.979
240.802
238.264
236.181
236.181
234.84
234.84
232.307
232.307
231.943
229.989
229.989
227.153
227.153
227.153
227.153
225.429
221.592
221.592
215.428
215.428
215.428
215.428
209.113
208.939
208.939
206.954
206.954
204.388
204.388
201.273
201.273
201.273
201.273
201.273
197.297
194.841
193.481
193.481
193.481
192.604
192.604
192.096
192.096
192.096
190.709
188.558
188.558
188.558
188.558
187.063
187.063
183.525
183.525
183.525
183.525
180.514
180.514
180.514
178.007
178.007
178.007
178.007
178.007
176.749
176.749
176.749
175.664
172.55
172.55
172.55
172.55
172.55
172.55
172.55
172.55
170.575
170.575
170.575
169.112
168.213
168.213
167.292
167.292
167.292
167.292
167.292
167.292
167.292
167.292
165.991
165.991
164.516
164.516
163.545
163.106
163.106
163.106
163.106
163.106
163.106
160.611
160.163
159.452
159.452
159.452
155.069
155.069
155.069
155.069
155.069
154.497
154.497
154.497
154.497
152.469
152.469
152.469
152.469
152.469
152.469
151.25
151.25
151.25
151.25
151.114
151.114
151.114
149.701
149.167
148.242
148.242
148.242
147.933
147.933
147.933
145.968
145.697
145.697
145.345
145.345
145.345
143.117
143.117
143.117
143.117
143.04
143.04
143.04
143.04
142.392
140.708
140.708
140.032
140.032
140.032
140.032
140.032
136.184
135.665
135.665
134.608
134.608
133.185
133.185
132.717
132.717
132.717
131.976
131.976
131.024
131.024
131.024
131.024
131.024
129.139
129.139
129.139
129.139
128.613
128.613
128.613
128.613
128.613
128.613
128.613
126.44
126.44
126.44
126.44
126.44
125.947
125.845
125.548
125.548
123.338
123.338
123.338
123.338
123.338
123.338
123.338
122.317
122.317
122.076
122.076
122.076
122.076
115.062
115.062
115.062
114.25
114.25
114.25
114.25
112.36
112.36
112.36
112.36
112.36
112.36
110.896
110.896
110.896
110.896
110.896
110.896
110.896
109.634
109.634
109.634
109.634
109.634
109.634
109.634
109.514
108.608
108.608
108.608
108.608
108.608
108.608
108.608
108.188
108.188
108.188
106.788
106.788
106.788
106.788
106.788
106.788
106.788
106.788
106.749
106.641
106.641
106.641
96.1189
96.1189
96.1189
96.1189
96.1189
95.2532
95.2532
95.2532
95.2532
95.2532
95.103
95.103
95.103
95.103
95.103
95.103
95.103
95.103
95.103
95.103
95.103
95.0415
95.0415
95.0415
95.0415
94.4359
94.4359
93.5885
93.5885
93.5885
93.5885
93.5885
93.5885
93.5885
93.5885
93.5885
93.5885
92.8234
92.8234
91.8793
91.8793
91.8793
91.8793
91.8793
91.8793
91.8793
91.8793
91.8793
91.486
91.486
85.6119
85.6119
85.6119
85.6119
85.6119
85.6119
84.306
84.306
84.306
84.306
84.306
84.306
84.306
84.306
84.306
84.306
84.306
84.306
84.306
84.306
84.306
84.306
84.306
84.306
83.5872
83.5872
83.5872
83.5872
83.5872
83.5872
83.5872
83.5872
83.5872
82.3518
82.3518
82.3518
82.3518
82.3518
82.3518
82.3518
82.3518
82.3518
82.3518
82.3518
82.3518
82.3518
82.3518
82.3518
82.3518
82.3518
78.6966
78.6966
78.6966
78.6966
78.6966
78.6966
78.6966
78.6966
78.6966
78.6966
78.6966
78.6966
78.6966
78.6966
78.6966
78.6966
78.6966
76.2798
76.2798
76.2798
76.2798
76.2798
76.2798
76.2798
76.2798
76.2798
76.2798
76.2798
76.2798
76.2798
76.2798
76.2798
76.2798
76.2798
76.2798
76.2798
76.2798
76.2798
76.2798
76.2798
76.2798
76.2798
76.2798
76.2798
76.2798
76.2798
76.2798
75.6253
75.6253
75.6253
74.2422
74.2422
74.2422
73.7618
73.7618
73.7618
73.6554
73.6554
73.6554
73.6554
73.3748
73.3748
73.3748
73.3748
73.3748
73.3748
73.3748
73.3748
73.3748
73.3748
73.3748
73.3748
73.3748
73.3748
73.3748
73.3748
73.3168
73.3168
73.3168
73.3168
73.3168
73.3168
73.3168
73.3168
73.3168
73.3168
73.3168
73.3168
73.3168
73.3168
73.3168
73.3168
73.3168
73.3168
73.3168
73.3168
72.3593
72.3593
72.3593
72.3593
69.3902
69.3902
69.3902
69.3902
69.3902
69.3902
69.3902
69.3902
69.3902
69.3902
69.3902
69.3902
69.3902
69.3902
69.3902
69.3902
69.3902
69.3902
69.3902
69.3902
69.3902
69.3902
69.3902
69.3902
69.3902
69.3902
69.3902
69.3902
69.3902
69.3902
69.3902
69.3902
69.3902
69.3902
69.3902
69.3902
69.3902
69.3902
69.268
69.268
69.268
69.268
69.268
69.268
68.9098
68.9098
68.01
68.01
68.01
68.01
66.7163
66.7163
66.7163
66.7163
66.7163
66.7163
66.7163
66.7163
66.7163
66.7163
66.7163
66.7163
66.7163
66.7163
66.7163
66.7163
66.7163
66.7163
66.7163
66.7163
66.0187
66.0187
66.0187
66.0187
66.0187
65.999
65.999
65.5285
65.5285
65.5285
65.5285
65.5285
65.5285
65.5285
65.5285
65.5285
65.5285
65.5285
65.5285
65.5285
65.5285
65.5285
65.5285
65.5285
65.5285
65.2782
65.2782
65.2782
65.2782
65.2782
65.2782
65.2782
65.2782
65.2782
64.8345
64.8345
64.8345
64.8345
64.8345
64.8345
64.8345
64.8345
64.8345
64.8345
64.8345
64.8345
64.8345
64.8345
64.8345
64.8345
64.8345
64.8345
64.8345
64.8345
64.8345
64.8345
64.8345
64.8345
64.8345
64.8345
64.8345
64.8345
64.8345
64.8345
64.2147
64.2147
64.1796
64.1796
64.1796
64.1796
64.1796
64.1796
64.1796
64.1796
64.1796
64.1796
64.1796
64.1796
64.1796
64.1796
64.1796
64.1796
63.6992
63.6992
63.6992
63.6992
63.6992
63.6992
63.6992
63.6992
63.6992
63.6992
63.6992
63.6992
63.6992
63.6992
63.6992
63.6992
63.6992
63.6992
63.6992
63.6992
63.6992
63.6992
63.6992
63.6992
63.6992
63.6992
63.6992
63.6992
63.6992
63.6992
63.6992
63.6992
63.6992
63.6992
63.6992
63.6992
63.6992
63.6992
63.6992
63.6992
63.6992
63.6992
63.6992
63.6992
63.6992
63.6992
63.6992
63.6992
62.756
62.756
62.756
62.756
62.756
62.756
62.756
62.756
62.756
62.756
62.756
62.756
62.756
62.756
62.756
62.756
62.756
62.756
62.756
62.756
62.756
62.756
62.756
62.756
62.756
62.756
62.5705
62.5705
62.5705
62.5705
62.5705
62.5705
62.5705
62.5705
62.5705
62.5705
62.5705
62.5705
62.5705
62.5705
62.5705
62.5416
62.5416
62.5416
62.5416
62.5416
62.5416
62.5416
62.5416
62.5416
61.8251
61.8251
61.8251
61.8251
61.8251
61.8251
61.8251
61.8251
61.8251
61.8251
61.8251
61.8251
61.8251
61.8251
61.8251
61.3117
61.3117
61.3117
61.3117
61.3117
61.3117
61.3117
61.3117
61.3117
61.3117
61.3117
61.3117
61.3117
61.3117
61.3117
61.3117
61.3117
61.292
61.292
61.292
61.292
61.292
61.292
61.292
61.292
61.292
61.292
61.292
61.292
61.292
61.2892
61.2892
61.2892
61.2892
61.2892
61.2051
61.2051
61.2051
61.2051
61.2051
61.2051
61.2051
61.2051
61.2051
61.2051
61.2051
61.2051
61.2051
61.2051
61.2051
61.2051
61.2051
61.2051
61.2051
61.2051
61.2051
61.2051
61.2051
61.2051
61.2051
61.2051
61.2051
61.2051
61.2051
61.2051
61.2051
61.2051
61.2051
61.2051
61.2051
61.2051
61.2051
61.2051
61.2051
61.2051
61.2051
61.2051
61.2051
61.2051
61.2051
61.2051
61.2051
61.2051
61.2051
61.2051
60.3157
60.3157
60.3157
60.3157
60.3157
60.3157
60.3157
60.3157
60.3157
60.3157
60.3157
60.3157
60.3157
60.3157
60.3157
60.3157
60.3157
60.3157
60.3157
60.3157
60.3157
60.3157
60.3157
60.3157
60.3157
60.3157
60.3157
60.3157
60.3157
60.3157
60.3157
60.3157
60.3157
59.9694
59.9694
59.9694
59.9694
59.9694
59.7982
59.7982
59.7982
59.7982
59.7982
59.7982
59.7982
59.7982
59.7982
59.7982
59.7982
59.7982
59.7982
59.7982
59.7982
59.7982
59.7982
59.7982
59.7982
59.7982
59.7982
59.7982
59.7982
59.7982
59.7982
59.7982
59.7982
59.7982
59.7982
59.7982
59.7982
59.7982
59.7982
59.7982
59.7982
59.7982
59.7982
59.7982
59.7982
59.7982
59.7982
59.7982
59.7982
59.7982
59.7982
59.7982
59.7982
59.7982
59.7982
59.7982
59.7982
59.7982
59.7982
59.7982
59.7982
59.7982
59.7982
59.7982
59.7982
59.7982
59.7982
59.7982
59.7982
59.7982
59.7982
59.7982
59.7982
59.7982
59.7982
59.7982
59.7982
59.7982
59.7982
59.7982
59.7982
59.7982
59.7982
59.7982
59.7982
59.7982
59.6367
59.6367
59.6367
59.6367
59.6367
59.6367
59.6367
59.6367
59.6367
59.6367
59.6367
59.6367
59.6367
59.6367
59.6367
59.6367
59.6367
59.5676
59.5676
59.5676
59.5676
59.5676
59.5676
59.5676
59.528
59.528
59.528
59.528
59.528
59.528
59.528
59.528
59.528
59.528
59.528
59.528
59.528
59.528
59.528
59.528
59.528
59.528
59.528
59.528
59.528
59.528
59.528
59.528
59.528
59.528
59.528
59.528
59.528
59.528
59.528
59.528
59.528
59.528
59.528
59.528
59.528
59.528
59.528
59.528
59.528
59.528
59.528
59.528
59.528
59.528
59.528
59.528
59.528
59.528
59.528
59.528
59.528
59.528
59.528
59.528
59.528
59.528
59.1161
59.1161
59.1161
59.1161
59.1161
59.1161
59.1161
59.1161
59.1161
59.1161
59.1161
59.1097
59.1097
59.1097
59.1097
59.1097
59.1097
59.1097
59.1097
59.1097
59.1097
59.1097
59.1097
59.1097
59.1097
59.1097
59.1097
59.1097
59.1097
59.1097
59.1097
59.1097
59.1097
59.1097
59.1097
59.1097
59.1097
59.1097
59.1097
59.1097
59.1097
59.1097
59.1097
59.1097
59.1097
59.1097
59.1097
59.1097
59.1097
59.1097
58.9624
58.8809
58.8809
58.8809
58.8809
58.8809
58.8809
58.8809
58.8809
58.8809
58.8809
58.8809
58.8809
58.8809
58.8809
58.8809
58.8809
58.7112
58.7112
58.7112
58.7112
58.7112
58.7112
58.7112
58.7112
58.7112
58.7112
58.7112
58.7112
58.7112
58.7112
58.7112
58.7112
58.7112
58.7112
58.7112
58.7112
58.7112
58.7112
58.7112
58.7112
58.7112
58.7112
58.7112
58.7112
58.7112
58.7112
58.7112
58.7112
58.7112
58.7112
58.7112
58.7112
58.7112
58.7112
58.7112
58.7112
58.7112
58.7112
58.7112
58.7112
58.7112
58.7112
58.7112
58.7112
58.7112
58.7112
58.7112
58.7112
58.7112
58.7112
58.7112
58.7112
58.7112
58.7112
58.7112
58.7112
58.7112
58.7112
58.7112
58.7112
58.7112
58.7112
58.7112
58.7112
58.7112
58.7112
58.7112
58.7112
58.7112
58.7112
58.7112
58.7112
58.7112
58.7112
58.7112
58.7112
58.7112
58.7112
58.7112
58.7112
58.7112
58.7112
58.7112
58.7112
58.7112
58.7112
58.7112
58.7112
58.7112
58.7112
58.7112
58.7112
58.7112
58.7112
58.7112
58.7112
58.7112
58.7112
58.7112
58.7112
58.7112
58.7112
58.7112
58.7112
58.7112
58.7112
58.7112
58.7112
58.7112
58.7112
58.7112
58.7112
58.7112
58.7112
58.7112
58.7112
58.7112
58.7112
58.7112
58.7112
58.7112
58.7112
58.7112
58.7112
58.7112
58.7112
58.7112
58.7112
58.7112
57.2547
57.2547
57.2547
57.2547
57.2547
57.2547
57.2547
57.2547
57.2547
57.2547
57.2547
57.2547
57.2547
57.2547
57.2547
57.2547
57.2547
57.2547
57.2547
57.2547
57.2547
57.2547
57.2547
57.2547
57.2547
57.2547
57.2547
57.2547
57.2547
57.2547
57.2547
57.2547
57.2547
57.2547
57.2547
57.2547
57.2547
57.2547
57.2547
57.2547
57.2547
57.2547
57.2547
57.2547
57.2547
57.2547
57.2547
57.2547
57.2547
57.2547
57.2547
57.2547
57.2547
57.2547
57.2547
57.2547
57.2547
57.2547
57.2547
57.2547
57.2547
57.2547
57.2547
57.2547
57.2547
57.2547
57.2547
57.2547
57.2547
57.2547
57.2547
57.2547
57.2547
57.2547
57.2547
57.2547
57.2547
57.2547
57.2547
57.2547
57.2547
57.2547
57.2547
57.2547
57.2547
57.2547
57.2547
57.2547
57.2547
57.2547
57.2547
57.2547
57.2547
57.2547
57.2547
57.2547
57.2547
57.2547
57.2547
57.2547
57.2547
57.2547
57.2547
57.2547
57.2547
57.2547
57.2547
57.2547
57.2547
57.2547
57.2547
57.2547
57.2547
57.2547
57.2547
57.2547
57.2547
57.2547
57.2547
57.2547
57.2547
57.2547
57.2547
57.2547
57.2547
57.2547
57.2547
57.2547
57.2547
57.2547
57.2547
57.2547
57.2547
57.2547
57.2547
57.2547
57.2547
57.2547
57.2547
57.2547
57.2547
57.2547
57.2547
57.2547
57.2547
57.2547
57.2547
57.2547
57.2547
57.2547
57.0166
57.0166
57.0166
57.0166
57.0166
57.0166
57.0166
57.0166
57.0166
57.0166
57.0166
57.0166
57.0166
57.0166
57.0166
57.0166
57.0166
57.0166
57.0166
57.0166
57.0166
57.0166
57.0166
57.0166
57.0166
57.0166
57.0166
57.0166
57.0166
57.0166
57.0166
57.0166
57.0166
57.0166
57.0166
57.0166
57.0166
57.0166
57.0166
57.0166
57.0166
57.0166
57.0166
57.0166
57.0166
57.0166
57.0166
57.0166
57.0166
57.0166
56.9102
56.9102
56.9102
56.9102
56.9102
56.9102
56.9102
56.9102
56.9102
56.9102
56.9102
56.9102
56.9102
56.9102
56.9102
56.9102
56.9102
56.9102
56.9102
56.9102
56.9102
56.9102
56.9102
56.9102
56.9102
56.9102
56.9102
56.9102
56.9102
56.9102
56.9102
56.9102
56.9102
56.9102
56.9102
56.9102
56.9102
56.9102
56.9102
56.9102
56.9102
56.9102
56.9102
56.9102
56.9102
56.9102
56.9102
56.9102
56.9102
56.9102
56.5654
56.5654
56.5654
56.5654
56.5654
56.5654
56.5654
56.5654
56.5654
56.5654
56.5654
56.5654
56.5654
56.5654
56.5654
56.5654
56.5654
56.5654
56.5654
56.5654
56.5654
56.5654
56.5654
56.5654
56.5654
56.5654
56.5654
56.5654
56.5654
56.5654
56.5654
56.5654
56.5654
56.5654
56.5654
56.5654
56.5654
56.5654
56.5654
56.5654
56.5654
56.5654
56.5654
56.5654
56.5654
56.5654
56.5654
56.5654
56.5654
56.5654
56.5147
56.5147
56.5147
56.5147
56.5147
56.5147
56.5147
56.5147
56.5147
56.5147
56.5147
56.5147
56.5147
56.5147
56.5147
56.5147
56.5147
56.5147
56.5147
56.5147
56.5147
56.5147
56.5147
56.5147
56.5147
56.5147
56.5147
56.5147
56.5147
56.5147
56.5147
56.5147
56.5147
56.5147
56.5147
56.5147
56.5147
56.5147
56.5147
56.5147
56.5147
56.5147
56.5147
56.5147
56.5147
56.5147
56.5147
56.5147
56.5147
56.5147
56.1754
56.1754
56.1754
56.1754
56.1754
56.1754
56.1754
56.1754
56.1754
56.1754
56.1754
56.1754
56.1754
56.1754
56.1754
56.1754
56.1754
56.1754
56.1754
56.1754
56.1754
56.1754
56.1754
56.1754
56.1754
56.1754
56.1754
56.1754
56.1754
56.1754
56.1754
56.1754
56.1754
56.1754
56.1754
56.1754
56.1754
56.1754
56.1754
56.1754
56.1754
56.1754
56.1754
56.1754
56.1754
56.1754
56.1754
56.1754
56.1754
56.1754
56.1754
56.1754
56.1754
56.1754
56.1754
56.1754
56.1754
56.1754
56.1754
56.1754
56.1754
56.1754
56.1754
56.1754
56.1754
56.1754
56.1754
56.1754
56.1754
56.1754
56.1754
56.1754
56.1754
56.1754
56.1754
56.1754
56.1754
56.1754
56.1754
56.1754
56.1754
56.1754
56.1754
56.1754
56.1754
56.1754
56.1754
56.1754
56.1754
56.1754
56.1754
56.1754
56.1754
56.1754
56.1754
56.1754
56.1754
56.1754
56.1754
56.1754
56.1754
56.1754
56.1754
56.1754
56.1754
56.1754
56.1754
56.1754
56.1754
56.1754
56.1754
56.1754
56.1754
56.1754
56.1754
56.1754
56.1754
56.1754
56.1754
56.1754
56.1754
56.1754
56.1754
56.1754
56.1754
56.1754
56.1754
56.1754
56.1754
56.1754
56.1754
56.1754
56.1754
56.1754
56.1754
56.1754
56.1754
56.1754
56.1754
56.1754
56.1754
56.1754
56.1754
56.1754
56.1754
56.1754
56.1754
56.1754
56.1754
56.1754
56.069
56.069
56.069
56.069
56.069
56.069
56.069
56.069
56.069
56.069
56.069
56.069
56.069
56.069
56.069
56.069
56.069
56.069
56.069
56.069
56.069
56.069
56.069
55.7485
55.7485
55.7485
55.7485
55.7485
55.7485
55.7485
55.7485
55.7485
55.7485
55.7485
55.7485
55.7485
55.7485
55.7485
55.7485
55.7485
55.7485
55.7485
55.7485
55.7485
55.7485
55.7485
55.7485
55.7485
55.7485
