2444.59
2433.12
2402.38
2394.18
2342.92
2331.81
2251.37
2228.73
2174.26
2141.98
2138.12
2132.36
2080.19
2003.69
1992.07
1942.26
1942.26
1918.1
1879.83
1875.45
1851.85
1835.58
1822.38
1709.05
1682.54
1674.23
1663.84
1661.07
1640.63
1568.16
1568.16
1548.93
1518.93
1518.93
1478.75
1478.75
1463.12
1463.12
1438.48
1395.47
1367.6
1367.6
1320.86
1316.34
1314.51
1284.6
1277.01
1269.26
1262.92
1262.92
1181.9
1181.9
1156.33
1156.33
1147.97
1126.14
1125.7
1117.02
1106.55
1106.55
1085.87
1040.64
1040.64
1024.51
981.214
981.214
977.647
970.107
967.769
957.136
954.499
954.499
939.355
923.75
923.75
923.75
920.243
912.32
910.821
889.499
882.77
881.311
856.854
825.882
822.671
802.609
802.609
784.301
781.99
781.99
779.428
764.165
764.165
762.946
736.549
736.549
730.845
718.211
718.211
694.172
694.172
683.384
658.771
658.771
658.771
658.771
652.708
642.911
615.151
609.538
609.538
592.777
592.777
585.831
585.831
571.119
571.119
569.313
569.313
556.262
556.262
553.495
549.911
547.105
543.683
543.683
534.842
510.248
510.248
499.46
499.46
449.781
446.864
446.864
444.27
437.593
437.593
437.593
436.044
436.044
433.008
433.008
423.651
423.651
420.048
415.316
415.316
413.989
407.273
407.273
407.273
407.15
404.416
377.096
377.096
377.096
373.681
363.828
363.828
363.828
363.828
362.752
352.063
352.063
352.063
346.588
346.588
346.588
343.487
343.487
335.941
335.941
334.034
334.034
332.92
330.029
325.393
325.393
325.393
325.393
323.811
323.495
322.211
320.674
320.674
320.674
316.828
316.828
316.217
316.217
314.479
308.53
308.53
308.53
308.53
308.53
308.397
306.836
306.836
306.836
306.836
306.037
305.979
305.296
300.306
300.306
300.306
300.306
300.306
297.44
297.44
297.44
297.44
297.44
289.479
289.479
289.479
288.705
288.705
288.705
282.256
282.256
282.256
278.86
278.86
278.86
275.733
275.733
275.733
275.733
272.477
272.079
272.079
272.079
270.021
262.264
258.282
258.282
258.282
258.282
258.282
254.841
254.841
254.841
253.843
250.422
250.422
250.422
247.689
246.911
246.911
243.445
243.445
240.922
240.922
240.922
240.162
238.056
237.234
237.234
237.234
234.213
233.489
233.489
231.345
231.345
231.345
230.936
229.044
227.661
227.661
226.846
224.713
223.053
223.053
223.053
222.505
222.505
220.613
220.613
220.613
220.613
219.779
219.779
218.495
218.495
218.495
218.495
214.919
214.919
214.919
214.919
212.382
212.382
212.382
211.52
211.52
211.52
210.623
210.623
210.623
210.623
210.623
210.02
209.798
208.425
208.425
205.856
205.856
205.856
205.153
204.726
204.726
204.726
204.642
204.642
204.524
204.524
204.294
195.943
195.943
195.943
195.943
195.943
193.678
193.678
193.678
193.678
192.385
192.385
192.03
190.956
188.266
188.266
188.266
188.266
188.266
187.358
187.358
183.595
183.595
183.595
183.595
183.595
183.595
183.163
182.916
182.501
180.844
180.844
180.844
180.844
179.065
177.077
175.402
175.402
175.402
175.402
174.949
174.949
174.949
173.562
173.562
173.562
173.562
173.19
173.19
173.19
173.19
173.19
173.19
173.19
173.19
173.19
171.963
171.963
170.968
170.968
167.739
167.739
167.425
167.425
167.425
167.425
167.145
167.145
167.145
158.395
158.395
158.395
157.297
157.297
157.297
157.297
157.297
157.297
156.635
156.287
156.287
156.287
156.287
156.077
155.855
155.855
155.855
155.855
155.749
155.749
153.933
153.933
153.933
153.933
153.933
153.933
153.933
153.933
153.933
151.61
151.61
151.178
151.178
151.178
151.178
151.178
149.5
149.5
149.5
149.5
149.5
149.5
149.5
138.523
138.523
138.523
138.523
138.398
136.963
136.963
136.963
135.737
135.737
135.737
135.737
135.517
135.517
135.517
134.87
134.87
134.12
134.12
134.12
132.575
132.575
132.575
126.895
126.895
126.531
126.531
126.531
126.531
126.531
126.531
126.531
126.531
126.531
125.999
125.999
125.999
125.217
125.217
125.217
124.152
124.152
124.152
121.691
121.691
121.691
121.691
121.691
121.691
121.391
121.391
121.391
121.391
121.391
121.391
121.391
121.391
121.391
118.698
118.698
118.698
118.698
118.698
118.698
118.698
118.268
118.268
118.268
116.123
116.123
116.123
116.123
113.588
113.588
113.588
113.588
113.588
113.588
113.164
113.045
113.045
113.045
111.912
111.71
111.71
111.71
111.71
111.71
111.71
111.71
111.71
110.785
110.785
110.785
110.785
110.785
110.785
110.785
110.785
110.785
110.785
110.785
110.785
110.785
110.785
110.785
110.785
110.086
110.086
110.086
110.086
110.086
110.086
110.086
110.061
108.389
108.389
108.389
108.389
108.389
108.389
108.389
108.389
107.334
107.334
107.334
107.334
107.334
106.563
106.563
106.563
106.563
106.563
104.862
104.862
104.862
104.862
104.862
104.862
104.862
104.862
104.862
104.413
104.413
104.14
104.14
104.14
103.76
103.76
103.76
101.153
101.153
101.153
101.153
99.8039
99.8039
99.8039
99.8039
99.8039
99.8039
99.8039
99.8039
99.8039
99.8039
99.8039
99.8039
99.8039
99.8039
99.2446
99.2446
99.2446
99.0823
99.0823
99.0823
99.0823
98.7628
98.7628
98.7628
98.7628
98.6663
98.6663
98.6663
98.6663
98.2431
98.2431
98.2431
98.1844
98.1844
98.1844
98.1844
98.1844
98.1844
98.1844
96.8085
96.8085
96.8085
96.8085
96.8085
96.8085
96.8085
96.8085
96.8085
96.8085
95.5613
95.5613
95.0059
95.0059
95.0059
94.6959
94.6959
94.6959
94.6959
94.6959
94.6959
94.6959
94.6959
94.6959
93.4857
93.4857
93.4857
93.4857
93.4857
93.4857
93.4857
93.4857
93.4857
93.4857
93.4857
93.4857
93.4857
93.4857
93.4857
93.4857
93.4857
93.4857
93.4857
93.4654
93.4654
92.788
92.788
92.788
92.788
92.788
92.788
92.788
92.788
92.788
92.788
92.788
92.788
92.6679
92.6679
92.6679
92.6679
92.6679
92.6679
92.3813
92.3813
92.3813
92.3813
92.3813
92.3813
92.3813
92.3813
92.3813
92.3813
91.5914
91.5914
91.5914
91.5914
91.5914
90.7051
90.7051
90.7051
90.7051
90.6031
90.6031
90.6031
90.4645
90.4645
90.2146
90.2146
90.2146
90.2146
90.2146
90.2146
90.2146
90.2146
90.2146
90.2146
90.2146
90.2146
89.8804
89.8804
89.8804
89.8804
89.8804
89.8804
89.8804
89.8804
89.8804
89.8804
89.8804
89.8804
89.8804
89.8804
89.8804
89.8804
89.8804
88.1149
88.1149
88.1149
88.1149
88.1149
88.1149
88.1149
88.1149
88.1149
88.1149
88.1149
88.1149
88.1149
88.1149
88.1149
88.1149
88.0072
88.0072
86.0298
86.0298
86.0298
86.0298
86.0298
86.0298
86.0298
86.0298
86.0298
86.0298
86.0298
86.0298
86.0298
86.0298
86.0298
85.6632
85.6632
85.6632
85.6632
85.6632
85.6632
85.6632
85.6632
85.6632
85.6632
85.6632
85.6632
85.2061
85.2061
85.2061
85.0767
85.0767
85.0767
85.0767
84.6272
84.6272
84.6272
84.6272
84.6272
84.5518
84.5518
84.5518
84.5518
84.5518
84.5518
84.0162
84.0162
84.0162
84.0162
84.0162
84.0162
84.0162
84.0162
84.0162
84.0162
84.0162
84.0162
84.0162
84.0162
83.9279
83.9279
83.9279
83.9279
83.9279
83.9279
83.9279
83.9279
83.9279
83.9279
83.9279
83.9279
83.9279
83.9279
83.9279
83.896
83.896
83.5092
83.5092
83.5092
83.5092
83.5092
83.5092
83.5092
83.5092
83.5092
83.5092
83.5092
83.5092
83.4537
83.4537
83.4537
83.4537
83.4537
82.9898
82.9898
82.9898
82.9898
82.9898
82.9898
82.9898
82.3695
82.3695
82.3695
82.3695
82.3695
82.3695
82.3695
82.1975
82.1975
81.9585
81.9585
81.9585
81.9585
81.9585
81.9585
81.9585
81.9585
81.9585
81.9585
81.9585
81.9585
81.9585
81.9585
81.9585
81.9585
81.9076
81.9076
81.4041
80.5551
80.5551
80.5551
80.5551
80.5551
80.5551
80.4838
80.4838
80.4838
80.4838
80.4838
80.4838
80.4838
80.4838
79.3373
79.3373
79.3373
79.3373
79.3373
79.3373
79.3373
79.3373
78.6271
78.6271
78.6271
78.4654
78.4654
78.4654
78.4654
78.4654
78.4654
78.4654
78.4451
78.4451
78.4451
78.4451
78.4451
78.4451
78.4451
77.8907
77.8907
77.8907
77.8907
77.7186
77.7186
77.7186
77.7186
77.7186
77.3807
77.3807
77.3807
77.3807
77.3807
77.2742
77.2742
77.2742
77.2742
77.2742
77.2742
77.2742
77.2742
77.2742
77.2742
77.2742
77.2742
77.2742
77.2742
77.2742
77.2742
77.2742
77.1084
77.1084
77.1084
77.1084
77.1084
77.1084
77.1084
77.1084
77.1084
77.1084
77.1084
77.1084
77.1084
77.1084
77.1084
77.1084
77.1084
77.1084
77.1084
77.1084
77.1084
77.1084
77.1084
77.1084
77.1084
77.1084
77.1084
77.1084
77.1084
77.1084
77.1084
77.1084
77.1084
77.1084
77.1084
77.1084
77.1084
77.1084
77.1084
77.1084
77.1084
77.1084
77.1084
77.1084
77.1084
77.1084
77.1084
77.1084
77.1084
77.1084
77.1084
77.1084
77.1084
77.1084
77.1084
77.1084
77.1084
77.1084
77.1084
77.1084
77.1084
77.1084
77.1084
77.1084
77.1084
76.3251
76.3251
76.3251
76.3251
76.3251
76.3251
76.3251
76.3251
76.3251
76.3251
76.3251
76.3251
76.3251
76.3251
76.3251
76.3251
76.3251
76.3251
76.3251
76.3251
76.3251
76.3251
76.3251
75.3187
75.3187
75.3187
75.3187
75.3187
75.3187
75.3187
75.3187
75.3187
75.3187
75.3187
75.3187
75.2632
75.2632
75.2632
75.2632
75.2632
75.2632
75.2632
75.2632
75.2632
75.2632
75.2632
75.2632
75.2632
75.2632
75.2632
75.2632
75.2632
75.2632
75.2632
75.2632
75.2632
75.2632
75.2632
75.2632
75.2632
75.2632
75.2632
75.2632
75.2632
75.2632
75.2632
75.2632
75.2632
75.2632
75.2632
75.2632
75.2632
75.2632
75.2632
75.2632
75.2632
75.2632
75.2632
75.2632
75.2632
75.2632
75.2632
75.2632
75.2632
75.2632
75.2632
75.2632
75.2632
75.2632
74.6137
74.6137
74.6137
72.3111
72.3111
72.3111
72.3111
72.3111
72.3111
72.3111
72.3111
72.1767
72.1767
71.8105
71.8105
71.8105
71.5703
71.5703
71.5703
71.5703
71.5703
71.5703
71.5703
71.5703
71.5703
71.5703
71.5703
71.5703
71.2601
71.2601
71.1281
71.1281
71.1281
71.1281
71.1281
71.1281
71.1281
71.1281
71.1281
71.1281
71.1281
71.1281
71.1281
71.1281
71.1281
71.1281
71.1281
71.1281
71.1281
71.1281
71.1281
71.1281
71.1281
71.1281
71.1281
71.1281
71.1281
71.1281
71.1281
71.1281
71.1281
71.1281
71.1281
71.1281
71.1281
71.1281
71.1281
71.1281
71.1281
71.1281
71.1281
71.1281
71.1281
71.1281
71.1281
71.1281
71.1281
71.1281
71.1281
71.1281
71.0549
71.0549
71.0549
71.0549
71.0549
71.0549
71.0549
71.0549
71.0549
71.0549
71.0549
71.0549
71.0549
71.0549
71.0549
71.0549
71.0549
71.0549
71.0549
70.5744
70.5744
70.5744
70.5744
70.5744
70.5744
70.5744
70.5744
70.5744
70.5744
70.5744
70.5744
70.5744
70.5744
70.5744
70.5744
70.5744
70.5744
70.5744
70.5744
70.5744
70.5744
70.5744
70.5744
70.5744
70.5744
70.5744
70.5744
70.5744
70.5744
70.5744
70.5744
70.5744
70.5744
70.5744
70.5744
70.5744
70.5744
70.5744
70.5744
70.5744
70.5744
70.5744
70.5744
70.5744
70.5744
70.5744
70.5744
70.5744
70.5744
70.5744
70.5744
70.5744
70.5744
70.5744
70.5744
70.5744
70.5744
70.5744
70.5744
70.5744
70.5744
70.5744
70.5744
70.5744
70.5744
70.5744
70.5744
70.5744
70.5744
70.5744
70.5744
70.5744
70.5744
70.5744
70.5744
70.5744
70.5744
70.5744
70.5744
70.5744
70.5744
70.5744
70.5744
70.5744
70.5744
70.5744
70.5744
70.5744
70.5744
70.5744
70.5744
70.5744
70.5744
70.5744
70.5744
70.5744
70.5744
70.5744
70.5744
70.5744
70.5744
70.5744
70.5744
70.5744
70.5744
69.9932
69.9932
69.9932
69.9932
69.9932
69.9932
69.9932
69.9932
69.9932
69.9932
69.9932
69.9932
69.9932
69.9932
69.9932
69.9932
69.9932
69.9932
69.9932
69.9932
69.9932
69.9932
69.9932
69.9932
69.9932
69.9932
69.9932
69.9932
69.9932
69.9932
69.9932
69.9932
69.9932
69.9932
69.9932
69.9932
69.9932
69.9932
69.9932
69.7931
69.7931
69.7931
69.7931
69.7931
69.7931
69.7931
69.7931
69.7931
69.7931
69.7931
69.7931
69.7931
69.7931
69.7931
69.7931
69.7931
69.7931
69.7931
69.7931
69.7931
69.7931
69.7931
69.7931
69.7931
69.7931
69.7931
69.7931
69.7931
69.7931
69.7931
69.7931
69.7931
69.7931
69.7931
69.7931
69.7931
69.7931
69.7931
69.7931
69.7931
69.7931
69.7931
69.0564
69.0564
69.0564
69.0564
69.0564
69.0564
69.0564
69.0564
69.0564
69.0564
69.0564
69.0564
69.0564
69.0564
69.0564
69.0564
69.0564
69.0564
69.0564
69.0564
68.9063
68.9063
68.9063
68.9063
68.9063
68.9063
68.9063
68.9063
68.9063
68.9063
68.9063
68.9063
68.9063
68.9063
68.9063
68.9063
68.7314
68.7314
68.7314
68.7314
68.7314
68.7314
68.7314
68.7314
68.7314
68.7314
68.7314
68.7314
68.7314
68.7314
68.7314
68.7314
68.7314
68.7314
68.7314
68.7314
68.7314
68.7314
68.7314
68.7314
68.7314
68.7314
68.7314
68.7314
68.7314
68.7314
68.7314
68.7314
68.7314
68.7314
68.7314
68.7314
68.7314
68.7314
68.7314
68.7314
68.7314
68.7314
68.7314
68.7314
68.7314
68.7314
68.7314
68.7314
68.7314
68.7314
68.7314
68.7314
68.7314
68.7314
68.7314
68.7314
68.7314
68.7314
68.7314
68.7314
68.7314
68.7314
68.7314
68.7314
68.7314
68.7314
68.7314
68.7314
68.7314
68.7314
68.7314
68.7314
68.7314
68.7314
68.7314
68.7314
68.7314
68.7314
68.7314
68.7314
68.7314
68.7314
68.7314
68.7314
68.7314
68.7314
68.7314
68.7314
68.7314
68.7314
68.7314
68.7314
68.7314
68.7314
68.7314
68.7314
68.7314
68.7314
68.7314
68.7314
68.7314
68.7314
68.7314
68.7314
68.7314
68.7314
68.7314
68.7314
68.7314
68.7314
68.7314
68.7314
68.7314
68.7314
68.7314
68.7314
68.7314
68.7314
68.7314
68.7314
68.7314
68.7314
68.7314
68.7314
68.7314
68.7314
68.7314
68.7314
68.7314
68.7314
68.7314
68.7314
68.7314
68.7314
68.7314
68.7314
68.7314
68.7314
68.7314
68.7314
68.7314
68.7314
68.7314
68.7314
68.7314
68.7314
68.7314
68.7314
68.7314
68.7314
68.7314
68.7314
68.7314
68.7314
68.7314
68.7314
68.7314
68.7314
68.7314
68.7314
68.7314
68.7314
68.7314
68.7314
68.7314
68.7314
68.7314
68.7314
68.7314
68.7314
68.7314
68.7314
68.7314
68.7314
68.7314
68.7314
68.7314
68.7314
68.7314
68.7314
68.7314
68.7314
68.7314
68.7314
68.7314
68.7314
68.7314
68.7314
68.7314
68.7314
68.7314
68.7314
68.7314
68.7314
68.7314
68.7314
68.7314
68.7314
68.7314
68.7314
68.7314
68.7314
68.7314
68.7314
68.4015
68.4015
68.4015
68.4015
68.4015
68.4015
68.4015
68.4015
68.4015
68.4015
68.4015
68.4015
68.0033
68.0033
68.0033
68.0033
68.0033
68.0033
68.0033
68.0033
68.0033
68.0033
68.0033
68.0033
68.0033
68.0033
68.0033
68.0033
68.0033
68.0033
68.0033
68.0033
68.0033
68.0033
68.0033
68.0033
68.0033
68.0033
68.0033
68.0033
68.0033
68.0033
68.0033
68.0033
68.0033
68.0033
68.0033
68.0033
68.0033
68.0033
67.7552
67.7552
67.7552
67.7552
67.7552
67.7552
67.7552
67.7552
67.7552
67.7552
67.7552
67.7552
67.7552
67.7552
67.7552
67.7552
67.7552
67.7552
67.7552
67.7552
67.7552
67.7552
67.7552
67.7552
67.7552
67.7552
67.7552
67.7552
67.7552
67.7552
67.7552
67.7552
67.7552
67.7552
67.7552
67.7552
67.7552
67.7552
67.7552
67.7552
67.7552
67.7552
67.7552
67.7552
67.7552
67.7552
67.7552
67.7552
67.7552
67.7552
67.7552
67.7552
67.7552
67.7552
67.7552
67.7552
67.7552
66.9713
66.9713
66.9713
66.9713
66.9713
66.9713
66.9713
66.9713
66.9713
66.9713
66.9713
66.9713
66.9713
66.9713
66.9713
66.9713
66.9713
66.9713
66.9713
66.8575
66.8575
66.8575
66.8575
66.8575
66.8575
66.8575
66.8575
66.8575
66.8575
66.8575
66.8575
66.8575
66.8575
66.8575
66.8575
66.8575
66.8575
66.8575
66.8575
66.8575
66.8575
66.8575
66.8575
66.8575
66.8575
66.8575
66.8575
66.8575
66.8575
66.8575
66.8575
66.8575
66.8575
66.8575
66.8575
66.8575
66.8575
66.8575
66.8575
66.8575
66.8575
66.8575
66.8575
66.8575
66.8575
66.8575
66.8575
66.8575
66.8575
66.8575
66.8575
66.8575
66.8575
66.8575
66.8575
66.8575
66.8575
66.8575
66.8575
66.8575
66.8575
66.8575
66.8575
66.8575
66.8575
66.8575
66.8575
66.8575
66.8575
66.8575
66.8575
66.8575
66.8575
66.8575
66.8575
66.8575
66.8575
66.8575
66.8575
66.8575
66.8575
66.8575
66.8575
66.8575
66.8575
66.8575
66.8575
66.8575
66.8575
66.8575
66.8575
66.8575
66.8575
66.8575
66.8575
66.8575
66.8575
66.8575
66.8575
66.8575
66.8575
66.8575
66.8575
66.8575
66.8575
66.8575
66.8575
66.8575
66.8575
66.8575
66.8575
66.8575
66.8575
66.8575
66.8575
66.8575
66.8575
66.8575
66.8575
66.8575
66.8575
66.8575
66.8575
66.8575
66.8575
66.8575
66.8575
66.8575
66.8575
66.8575
66.8575
66.8575
66.8575
66.8575
66.8575
66.8575
66.8575
66.8575
66.8575
66.8575
66.8575
66.8575
66.8575
66.8575
66.8575
66.8575
66.8575
66.8575
66.8575
66.8575
66.8575
66.8575
66.8575
66.8575
66.8575
66.8575
66.8575
66.8575
66.8575
66.8575
66.8575
66.8575
66.8575
66.8575
66.8575
66.8575
66.8575
66.8575
66.8575
66.8575
66.8575
66.8575
66.8575
66.8575
66.8575
66.8575
66.8575
66.8575
66.8575
66.8575
66.8575
66.8575
66.8575
66.8575
66.8575
66.8575
66.8575
66.8575
66.8575
66.8575
66.8575
66.8575
66.8575
66.8575
66.8575
66.8575
66.8575
66.8575
66.8575
66.8575
66.8575
66.8575
66.8575
66.8575
66.8575
66.8575
66.8575
66.8575
66.8575
66.8575
66.8575
66.8575
66.8575
66.8575
66.8575
66.8575
66.8575
66.8575
66.8575
66.8575
66.8575
66.8575
66.8575
66.8575
66.8575
66.8575
66.8575
66.8575
66.8575
66.8575
66.8575
66.8575
66.8575
66.8575
66.8575
66.8575
