2374.58
2340.42
2275.98
2229.67
2132.77
2131.1
2091.94
2035.46
2005.6
1990.64
1968.16
1903.61
1883.94
1861.71
1860.45
1777.97
1777.97
1759.59
1627.53
1627.11
1607.81
1587.05
1566.13
1563.51
1543.81
1528.07
1528.07
1524.49
1479.76
1479.76
1389.96
1389.96
1387.98
1376.04
1369.8
1363.92
1357.07
1341.28
1322.28
1298.73
1298.73
1269.18
1223.31
1223.31
1222.03
1203.92
1193.43
1169.45
1169.45
1164.54
1162.82
1157.5
1127.77
1110.33
1110.33
1110.33
1088.5
1070.76
1070.76
1061.17
1050.58
1030.2
1030.2
1030.2
1029.76
1021.06
1005.71
1005.71
994.68
994.035
965.742
965.742
942.16
942.16
921.506
921.506
921.506
914.025
869.728
869.728
854.659
853.373
853.373
841.415
835.702
830.166
830.166
830.166
813.22
811.72
791.497
791.497
791.497
778.25
774.486
774.486
767.749
765.963
765.963
762.139
759.067
713.207
696.67
693.487
693.487
686.379
671.15
671.15
634.047
634.047
634.047
631.51
623.797
622.158
607.498
607.498
606.954
603.852
592.676
591.908
588.191
588.191
580.413
578.374
578.374
576.086
575.034
569.33
549.077
549.077
549.077
548.383
536.794
536.794
536.794
535.733
521.812
521.812
521.812
521.181
521.181
515.181
497.313
497.313
497.313
497.313
485.429
477.026
477.026
477.026
472.332
447.407
439.437
439.437
428.029
428.029
428.029
428.029
418.324
417.198
417.198
405.02
405.02
405.02
403.623
403.623
394.627
394.627
394.627
387.728
387.728
384.359
384.359
383.88
380.091
373.286
373.286
369.878
369.878
369.878
363.99
363.99
363.99
358.262
358.262
356.295
356.295
353.056
350.241
350.241
350.241
350.241
349.406
348.952
339.108
339.108
339.108
338.363
331.187
331.187
331.187
321.995
321.918
316.91
316.226
312.513
312.513
312.513
312.513
308.685
308.685
303.666
303.666
303.666
302.987
299.997
299.997
296.55
293.004
285.38
285.38
282.068
282.068
282.068
282.068
280.58
280.58
280.58
280.58
279.456
279.456
277.759
277.141
277.141
277.141
275.729
274.971
273.693
273.693
271.905
271.905
270.367
269.756
267.092
265.132
265.132
265.132
265.033
265.033
265.033
262.985
238.946
236.776
236.776
236.776
236.286
228.411
228.411
228.411
228.411
225.911
225.911
224.444
224.444
224.444
224.037
224.037
224.037
220.532
217.961
217.961
217.439
215.401
215.401
215.401
215.401
215.401
215.401
215.401
213.025
213.025
213.025
210.734
210.734
210.734
210.734
210.734
210.234
209.736
209.736
209.358
209.358
209.358
208.572
208.572
207.452
207.452
205.052
205.052
205.052
205.052
186.048
186.048
186.048
186.048
185.473
183.369
183.369
182.991
182.991
182.991
182.991
182.271
182.271
181.674
181.674
180.362
180.362
177.113
177.113
177.113
177.113
177.113
177.113
173.922
173.922
173.922
172.642
172.642
172.642
172.642
172.642
172.642
172.642
172.642
170.659
170.659
170.659
170.659
170.659
170.659
170.659
168.112
168.112
168.112
168.112
168.112
167.144
166.032
162.329
162.329
159.282
158.766
157.607
157.607
157.607
157.21
155.473
155.473
155.473
153.841
153.841
153.841
153.841
153.841
153.522
153.522
153.522
152.873
148.72
148.72
148.72
148.72
148.72
148.72
147.968
147.968
147.968
146.78
146.78
146.78
146.78
145.451
145.451
145.451
145.451
143.523
143.523
143.523
143.523
142.429
142.429
141.554
141.554
141.554
141.554
141.161
141.161
141.161
141.018
140.783
116.408
113.797
113.797
113.479
113.479
113.479
112.485
112.485
112.485
112.485
112.485
112.004
112.004
112.004
112.004
111.187
110.584
110.305
110.305
110.305
110.012
110.012
108.126
108.126
107.833
107.833
107.73
107.73
107.73
107.73
107.73
107.73
103.877
103.877
103.877
103.877
103.877
103.323
103.323
103.323
103.323
103.323
100.35
100.35
100.35
100.35
100.35
100.35
100.35
100.35
100.35
100.35
100.35
100.35
99.7622
99.7622
99.7622
99.7622
99.7622
99.7622
99.7622
99.7622
99.7622
99.7622
99.7622
99.7622
99.7622
99.7622
98.1835
98.1835
98.1835
98.1835
97.8599
97.8599
97.8599
97.605
97.605
97.605
97.605
97.605
97.605
97.4211
97.3184
96.8577
96.8577
96.8577
96.6228
96.6228
96.6228
95.2398
95.2398
95.2398
95.2398
94.8456
93.6096
93.0789
93.0789
93.0789
91.6089
91.6089
88.9205
88.9205
88.9205
88.9205
88.9205
88.9205
88.9205
88.9205
88.9205
88.9205
88.9205
88.9205
88.634
88.634
88.634
88.4895
88.4895
88.4895
88.4895
88.4895
88.4895
86.3944
86.3944
86.3944
86.3944
86.3944
86.3944
85.7488
85.7488
85.7488
85.7488
85.7488
85.7488
85.7488
84.6932
84.6932
84.6932
84.6932
84.5933
84.5933
84.1481
84.1481
84.1481
84.1481
84.1481
83.2452
82.6003
82.6003
82.6003
82.6003
81.2474
81.2474
81.2474
81.2474
81.1749
80.3732
80.3732
80.3732
80.3732
80.3732
80.3732
80.3732
80.3732
80.3732
80.3732
80.3732
80.3732
80.3732
80.3732
80.3732
80.3732
80.3732
80.3732
80.3732
80.3732
79.3267
79.3267
79.3267
79.3267
79.3267
79.0046
79.0046
79.0046
79.0046
79.0046
79.0046
79.0046
77.949
77.949
77.949
77.4151
77.4151
77.4151
77.4151
77.4151
77.4151
77.4151
77.4151
77.4151
77.4151
74.3471
74.3471
74.3471
74.3471
74.3471
74.3471
74.3471
74.3471
74.3471
74.3471
74.3471
74.3471
74.3471
74.3471
73.6392
73.6392
72.3142
72.3142
72.3142
72.3142
72.3142
72.3142
72.3142
72.3142
71.8773
71.8773
71.8773
71.8773
71.8773
71.8773
71.8773
71.8773
71.8773
71.8773
71.8773
71.8773
71.4088
71.4088
71.4088
71.4088
71.4088
71.4088
71.4088
71.4088
71.4088
71.4088
71.377
71.377
71.377
71.377
71.377
71.377
71.377
71.377
71.377
71.377
71.377
71.377
70.8349
70.8349
70.8349
70.8349
70.8349
70.6575
70.6575
70.6575
70.6575
70.6575
70.6575
70.6575
70.6575
70.6575
70.6575
70.6575
70.6575
70.6575
70.6575
69.8953
69.8953
69.8953
69.8953
69.8953
69.8953
69.8953
69.8953
69.8953
69.8953
69.8953
69.8953
69.8953
69.8953
69.8006
69.8006
69.8006
69.8006
69.8006
69.8006
69.8006
69.8006
69.8006
69.3713
69.3713
69.3713
69.2462
69.2462
69.2462
69.2462
69.2462
69.2462
69.2462
69.2462
69.2462
69.2462
69.2462
69.2462
69.2462
69.2462
69.2462
69.2462
69.2462
69.2462
69.2462
69.2462
69.2449
68.6901
68.6901
68.6901
68.6901
68.6901
68.6901
68.6901
68.6901
68.6901
68.6901
68.6901
68.6901
68.6901
68.6232
68.6232
68.6232
68.6232
68.6232
68.6232
68.6232
68.6232
68.6232
68.6232
68.6232
68.6232
68.6232
67.7787
67.7787
67.7787
67.7787
67.7787
67.7787
67.7787
67.7787
67.7787
67.7787
67.7787
67.7787
67.7787
67.7787
67.7787
67.7787
67.7787
67.7505
67.6722
67.6722
67.6722
67.6722
67.6722
67.6722
67.6722
67.6722
67.6722
67.6722
67.6722
67.6722
67.6722
67.6722
67.6722
66.9908
66.9908
66.9908
66.9908
66.9908
66.9908
66.9908
66.9908
66.9908
66.9908
66.9908
66.9908
66.9908
66.9908
66.9908
66.9908
66.9908
65.7968
65.7968
65.7968
65.7968
65.7968
65.702
65.702
65.702
65.702
65.702
65.5999
65.5999
65.5999
65.5999
65.5999
65.5055
65.5055
65.5055
65.5055
65.5055
65.5055
65.5055
65.5055
64.4305
64.4305
64.4305
64.4305
64.4305
64.4305
64.4305
64.4305
64.4305
64.4305
64.4305
64.4305
64.4305
64.4305
64.4305
64.4305
64.4305
64.4305
64.4305
63.9924
63.9924
63.9924
63.9924
63.9924
63.9924
63.9924
63.9924
63.9924
63.9924
63.9924
63.9924
63.9924
63.9924
63.9924
63.9924
63.9924
63.9712
63.9712
63.9712
63.9712
63.9712
63.9712
63.9712
63.9712
63.9712
63.9712
63.9712
63.9712
63.9712
63.9712
63.9712
63.9712
63.9712
63.9712
63.9712
63.9712
63.9712
63.9712
63.9712
63.9712
63.9712
63.9712
63.9712
63.9712
63.9712
63.9712
63.9712
63.9712
63.9712
63.9712
63.9712
63.9712
63.9712
63.9712
63.9712
63.9712
63.9712
63.9712
63.9712
63.9712
63.9712
63.9712
63.9712
63.9712
63.9712
63.9712
63.9712
63.9712
63.9712
63.9712
63.9712
63.9712
63.9712
63.9712
63.9712
63.9712
63.9712
63.9712
63.9712
63.9712
63.9712
63.4151
63.4151
63.4151
63.4151
63.4151
63.4151
63.4151
63.4151
63.4151
63.4151
63.1981
63.1981
63.1981
63.1981
63.1981
63.1981
63.1981
63.1981
63.1981
63.1981
63.1981
63.1981
63.1981
63.1981
63.1981
63.1981
62.9796
62.9796
62.9796
62.9796
62.9796
62.9796
62.9796
62.9127
62.9127
62.9127
62.9127
62.9127
62.9127
62.9127
62.9127
62.9127
62.9127
62.9127
62.9127
62.9127
62.9127
62.9127
62.9127
62.9127
62.9127
62.9127
62.9127
62.9127
62.9127
62.9127
62.9127
62.9127
62.9127
62.9127
62.9127
62.9127
62.9127
62.9127
62.9127
62.9127
62.9127
62.9127
62.9127
62.9127
62.9127
62.9127
62.9127
62.9127
62.9127
62.9127
62.4415
62.4415
62.4415
62.4415
62.4415
62.4415
62.4415
62.4388
62.4388
62.4388
62.4388
62.4388
62.4388
62.4388
62.4388
62.4388
62.4388
62.4388
62.4388
62.4388
62.4388
62.4388
62.4388
62.4388
62.4388
62.3776
62.3776
62.3776
62.3776
62.3776
62.3776
62.3776
62.3776
62.3776
62.3776
62.3776
62.3776
62.3776
62.3776
62.3776
62.3776
62.3776
62.3776
62.3776
62.3776
62.3776
62.3776
62.3776
62.3776
62.3776
61.6745
61.6745
61.6745
61.6745
61.6745
61.6745
61.6745
61.6745
61.6745
61.6745
61.6745
61.6745
61.6745
61.6745
61.6745
61.4578
61.4578
61.4578
61.4578
61.4578
61.4578
61.4578
61.4578
61.4578
61.4578
61.4578
61.4578
61.4578
61.4578
61.4578
61.4578
61.4578
61.4578
61.4578
61.4578
61.4578
61.4573
61.4573
61.4573
61.2257
61.2257
61.2257
61.2257
61.2257
61.2257
60.8686
60.8686
60.8686
60.8686
60.4153
60.4153
60.4153
60.4153
60.4153
60.4153
60.4153
60.4153
60.4153
60.4153
60.4153
60.4153
60.4153
60.4153
60.4153
60.4153
60.4153
60.4153
60.4153
60.4153
60.4153
60.4153
60.4153
60.4153
60.4153
60.4153
60.4153
60.4153
60.4153
60.4153
60.4153
60.4153
60.4153
60.4153
60.4153
60.4153
60.4153
60.2488
60.2488
60.2488
60.2488
60.2488
60.2488
60.2488
60.2488
60.2488
60.2488
60.2488
60.2488
60.2488
60.2488
60.2488
60.2488
60.2488
60.2488
60.2488
60.2488
60.2488
60.2488
60.2488
60.2488
60.2488
60.2488
60.2488
60.2488
60.2488
60.2488
60.2488
59.1161
59.1161
59.1161
59.1161
59.1161
59.1161
59.1161
59.1161
59.1161
59.1161
59.1161
59.1161
59.1161
59.1161
59.1161
59.1161
59.1161
59.1161
59.1161
59.1161
59.1161
59.1161
59.1161
59.1161
59.1161
59.1161
59.1161
59.1161
59.1161
59.1161
59.1161
59.1161
59.1161
59.1161
59.1161
59.1161
59.1161
59.1161
59.1161
59.1161
59.1161
59.1161
59.1161
59.1161
59.1161
59.1161
59.1161
59.1161
59.1161
59.1161
59.1161
59.1161
59.1161
59.1161
59.1161
59.1161
59.1161
59.1161
59.1161
59.1161
59.1161
59.1161
59.1161
59.1161
59.1161
59.1161
59.1161
59.1161
59.1161
59.1161
59.1161
59.1161
59.1161
59.1161
59.1161
59.1161
59.1161
59.1161
59.1161
59.1161
59.1161
59.1097
59.1097
59.1097
59.1097
59.1097
59.1097
59.1097
59.1097
59.1097
59.1097
59.1097
59.1097
59.1097
59.1097
59.1097
59.1097
59.1097
59.1097
59.1097
59.1097
59.1097
59.1097
59.1097
59.1097
59.1097
59.1097
58.9908
58.9908
58.9908
58.9908
58.9908
58.9908
58.9908
58.9908
58.9908
58.9908
58.9908
58.9908
58.9908
58.9908
58.9908
58.9908
58.9908
58.9908
58.9908
58.9908
58.9908
58.9908
58.9908
58.9908
58.9908
58.9908
58.9908
58.9908
58.9908
58.9908
58.9908
58.9908
58.9908
58.9908
58.9908
58.9908
58.9908
58.9908
58.9908
58.9908
58.9908
58.9908
58.9908
58.9908
58.9908
58.9908
58.9908
58.9908
58.9908
58.9908
58.9908
58.9908
58.9908
58.9908
58.9908
58.9908
58.9908
58.9908
58.9908
58.9908
58.9908
58.9908
58.9908
58.9908
58.9908
58.9908
58.9908
58.9908
58.9908
58.9908
58.9908
58.9908
58.9908
58.9908
58.9908
58.9908
58.2471
58.2471
58.2471
58.2471
58.2471
58.2471
58.2471
58.2471
58.2471
58.2471
58.2471
58.2471
58.2471
58.2471
58.2471
58.2471
58.2471
58.2471
58.2471
58.2471
58.2471
58.0774
58.0774
58.0774
58.0774
58.0774
58.0774
58.0774
58.0774
58.0774
58.0774
58.0774
58.0774
58.0774
58.0774
58.0774
58.0774
58.0774
58.0774
58.0774
58.0774
58.0774
58.0774
58.0774
58.0774
58.0774
58.0774
58.0774
58.0774
58.0774
58.0774
58.0774
58.0774
58.0774
58.0774
58.0774
58.0774
58.0774
58.0774
58.0774
58.0774
58.0774
58.0774
58.0774
58.0774
58.0774
58.0774
58.0774
58.0774
58.0774
58.0774
58.0774
57.7328
57.7328
57.7328
57.7328
57.7328
57.7328
57.7328
57.7328
57.7328
57.7328
57.7328
57.7328
57.7328
57.7328
57.7328
57.7328
57.7328
57.7328
57.7328
57.7328
57.7328
57.7328
57.7328
57.7328
57.7328
57.7328
57.7328
57.7328
57.3612
57.3612
57.3612
57.3612
57.3612
57.3612
57.3612
57.3612
57.3612
57.3612
57.3612
57.3612
57.3612
57.3612
57.3612
57.3612
57.3612
57.3612
57.3612
57.3612
57.3612
57.3612
57.3612
57.3612
57.3612
57.3612
57.3612
57.3612
57.3612
57.3612
57.3612
57.3612
57.3612
57.3612
57.3612
57.3612
57.3612
57.3612
57.3612
57.3612
57.3612
57.3612
57.3612
57.3612
57.3612
57.3612
57.3612
57.3612
57.3612
57.3612
57.0166
57.0166
57.0166
57.0166
57.0166
57.0166
57.0166
57.0166
57.0166
57.0166
57.0166
57.0166
57.0166
57.0166
57.0166
57.0166
57.0166
57.0166
57.0166
57.0166
57.0166
57.0166
57.0166
57.0166
57.0166
57.0166
57.0166
57.0166
57.0166
57.0166
57.0166
57.0166
57.0166
57.0166
57.0166
57.0166
57.0166
57.0166
57.0166
57.0166
57.0166
57.0166
57.0166
57.0166
57.0166
57.0166
57.0166
57.0166
57.0166
57.0166
57.0166
57.0166
57.0166
57.0166
57.0166
57.0166
57.0166
57.0166
57.0166
57.0166
57.0166
57.0166
57.0166
57.0166
57.0166
57.0166
57.0166
57.0166
57.0166
57.0166
57.0166
57.0166
57.0166
57.0166
57.0166
57.0166
57.0166
57.0166
57.0166
57.0166
57.0166
57.0166
57.0166
57.0166
57.0166
57.0166
57.0166
57.0166
57.0166
57.0166
57.0166
57.0166
57.0166
57.0166
57.0166
57.0166
57.0166
57.0166
57.0166
57.0166
57.0166
56.9102
56.9102
56.9102
56.9102
56.9102
56.9102
56.9102
56.5654
56.5654
56.5654
56.5654
56.5654
56.5654
56.5654
56.5654
56.5654
56.5654
56.5654
56.5654
56.5654
56.5654
56.5654
56.5654
56.5654
56.5654
56.5654
56.5654
56.5654
56.5654
56.5654
56.5654
56.5654
56.5654
56.5654
56.5654
56.5654
56.5654
56.5654
56.5654
56.5654
56.5654
56.5654
56.5654
56.5654
56.5654
56.5654
56.5654
56.5654
56.5654
56.5654
56.5654
56.5654
56.5654
56.5654
56.5654
56.5654
56.5654
56.5654
56.5654
56.5654
56.5654
56.5654
56.5654
56.5654
56.5654
56.5654
56.5654
56.5654
56.5654
56.5654
56.5654
56.5654
56.5654
56.5654
56.5654
56.5654
56.5654
56.5654
56.5654
56.5654
56.5654
56.5654
56.5654
56.5654
56.5654
56.5654
56.5654
56.5654
56.5654
56.5654
56.5654
56.5654
56.5654
56.5654
56.5654
56.5654
56.5654
56.5654
56.5654
56.5654
56.5654
56.5654
56.5654
56.5654
56.5654
56.5654
56.5654
56.5654
56.5654
56.5654
56.5654
56.5654
56.5654
56.5654
56.5654
56.5654
56.5654
56.5654
56.5654
56.5654
56.5654
56.5654
56.5654
56.5654
56.5654
56.5654
56.5654
56.5654
56.5654
56.5654
56.5654
56.5654
56.5654
56.5654
56.5654
56.5654
56.5654
56.5654
56.5654
56.5654
56.1754
56.1754
56.1754
56.1754
56.1754
56.1754
56.1754
56.1754
56.1754
56.1754
56.1754
56.1754
56.1754
56.1754
56.1754
56.1754
56.1754
56.1754
56.1754
56.1754
56.1754
56.1754
56.1754
56.1754
56.1754
56.1754
56.1754
56.1754
56.1754
56.1754
56.1754
56.1754
56.1754
56.1754
56.1754
56.1754
56.1754
56.1754
56.1754
56.1754
56.1754
56.1754
56.1754
56.1754
56.1754
56.1754
56.1754
56.1754
56.1754
56.1754
56.1754
56.1754
56.1754
56.1754
56.1754
56.1754
56.1754
56.1754
56.1754
56.1754
56.1754
56.1754
56.1754
56.1754
56.1754
56.1754
56.1754
56.1754
56.1754
56.1754
56.1754
56.1754
56.1754
56.1754
56.1754
56.1754
56.1754
56.1754
56.1754
56.1754
56.1754
56.1754
56.1754
56.1754
56.1754
56.1754
56.1754
56.1754
56.1754
56.1754
56.1754
56.1754
56.1754
56.1754
56.1754
56.1754
56.1754
56.1754
56.1754
56.1754
56.1754
56.1754
56.1754
56.1754
56.1754
56.1754
56.1754
56.1754
56.1754
56.1754
56.1754
56.1754
56.069
56.069
56.069
56.069
56.069
56.069
56.069
56.069
56.069
56.069
56.069
56.069
56.069
56.069
56.069
56.069
56.069
56.069
56.069
56.069
56.069
56.069
56.069
56.069
56.069
56.069
56.069
56.069
56.069
56.069
56.069
56.069
56.069
56.069
56.069
56.069
56.069
56.069
56.069
56.069
56.069
56.069
56.069
56.069
56.069
56.069
56.069
56.069
56.069
56.069
56.069
56.069
56.069
56.069
56.069
56.069
56.069
56.069
56.069
56.069
56.069
56.069
56.069
56.069
56.069
56.069
56.069
56.069
56.069
56.069
56.069
56.069
56.069
56.069
56.069
56.069
56.069
56.069
56.069
56.069
56.069
56.069
56.069
56.069
56.069
56.069
56.069
56.069
56.069
56.069
56.069
56.069
56.069
56.069
56.069
56.069
56.069
56.069
56.069
56.069
56.069
56.069
56.069
56.069
56.069
56.069
56.069
56.069
56.069
56.069
56.069
56.069
56.069
56.069
56.069
56.069
56.069
56.069
56.069
56.069
56.069
56.069
56.069
56.069
56.069
56.069
56.069
56.069
56.069
56.069
56.069
56.069
56.069
56.069
56.069
56.069
56.069
56.069
56.069
56.069
56.069
56.069
56.069
56.069
56.069
56.069
