2409.2
2313.87
2303.65
2230.2
2183.5
2102.86
2063
2020.73
2020.73
2003.58
1960.99
1950.04
1887.2
1887.2
1870.56
1851.47
1812.67
1812.67
1736.59
1710.15
1710.15
1710.15
1673.13
1613.13
1613.13
1559.53
1559.53
1536.09
1467.52
1452.02
1447.52
1407.28
1390.2
1390.2
1383.22
1357.86
1355.94
1328.42
1311.28
1305.83
1305.83
1298.93
1272.46
1272.46
1217.75
1210.3
1210.3
1195.34
1193.48
1181.21
1126.13
1126.13
1114.27
1104.46
1068.26
1068.26
1052.8
1035.97
1035.97
1030.54
1023.72
1016.57
1016.57
991.584
990.288
979.55
979.55
969.969
969.969
939.863
939.863
872.895
872.895
854.502
848.684
840.58
840.58
831.137
827.878
827.878
803.6
803.6
793.174
785.471
783.608
783.608
776.406
770.268
765.643
765.643
756.938
744.244
735.517
730.729
726.004
726.004
697.198
688.105
688.105
666.414
666.414
666.414
666.414
654.303
654.303
646.812
646.812
622.711
622.711
610.972
610.972
604.871
594.057
594.057
587.409
587.409
584.019
579.762
579.645
573.68
564.851
564.851
560.655
560.655
560.655
554.944
547.86
542.077
542.077
541.495
532.343
532.343
532.343
527.634
524.986
524.037
518.332
518.332
518.332
516.849
506.596
496.335
496.335
496.335
494.389
490.691
483.2
483.2
481.45
477.399
476.905
476.905
473.082
471.582
471.582
470.72
452.906
452.906
450.061
440.635
440.038
411.306
411.306
403.94
398.154
398.154
398.154
398.154
384.523
384.523
384.523
384.523
369.671
369.099
360.459
360.459
354.541
354.178
354.178
354.178
353.477
349.704
345.556
345.556
343.92
343.474
338.18
338.18
331.92
331.92
331.92
331.92
331.92
331.92
326.874
326.874
326.874
326.874
326.874
321.434
321.434
321.111
321.111
318.496
318.496
318.496
318.485
316.377
315.763
315.763
315.763
311.799
311.799
310.152
304.547
304.248
304.248
302.178
301.201
301.201
301.201
301.201
301.201
295.384
295.384
295.384
295.384
294.675
287.324
287.324
287.324
287.324
282.706
282.706
282.706
278.718
278.718
275.331
275.296
275.296
275.296
273.122
273.122
273.122
270.995
270.995
270.04
270.04
258.324
258.324
258.324
256.709
256.709
256.709
256.709
256.709
256.709
256.709
256.087
255.951
255.595
255.595
255.167
254.16
254.16
253.594
253.335
252.587
252.587
252.587
252.363
250.417
250.417
248.824
247.08
245.391
245.391
239.358
239.358
239.358
237.722
237.722
236.706
236.296
236.296
233.464
233.464
233.464
233.464
232.999
227.782
227.782
227.782
227.782
227.782
224.708
223.886
223.886
223.886
221.505
221.505
220.972
215.283
215.283
215.283
215.283
215.283
215.283
215.283
214.288
214.288
214.288
214.288
214.288
214.288
214.288
213.037
213.037
213.037
213.037
213.037
213.037
212.964
211.718
211.718
211.718
211.718
210.636
209.203
207.532
207.532
207.532
205.458
205.458
205.458
204.454
196.102
191.276
191.276
191.276
191.276
191.276
189.141
189.141
189.141
189.141
189.141
189.141
189.141
180.6
180.6
179.424
179.424
179.424
179.424
178.211
178.211
177.327
177.327
177.327
177.327
177.327
176.82
176.82
176.82
175.959
175.959
175.959
175.959
175.084
175.084
174.626
174.626
174.626
174.626
173.8
173.8
173.8
173.8
173.8
173.8
172.507
172.507
172.507
172.507
171.257
171.257
171.257
171.257
171.257
171.257
171.257
171.073
171.073
171.073
171.073
165.667
165.667
165.667
165.667
165.667
165.667
165.667
165.667
164.586
164.586
164.107
164.107
164.107
164.107
164.107
161.695
161.695
161.695
161.593
161.593
152.717
152.717
152.717
152.717
152.717
152.08
152.08
152.08
152.08
150.86
150.86
150.86
150.86
150.86
150.86
150.86
150.86
148.775
148.775
146.972
146.972
146.972
146.972
146.972
145.905
145.905
145.905
145.905
144.189
144.189
144.189
144.189
142.718
142.718
142.718
142.718
142.718
142.718
139.558
139.558
139.558
139.558
139.558
139.558
139.558
139.558
139.558
139.558
139.558
137.969
137.969
137.969
137.969
137.969
137.969
136.765
135.598
135.598
135.598
135.598
135.598
135.598
134.585
134.585
134.585
134.585
134.585
134.585
134.585
132.382
132.382
132.382
132.382
132.382
127.559
127.559
127.559
127.559
126.867
126.867
126.867
126.867
126.781
126.781
126.428
126.428
126.428
126.428
126.428
126.097
124.205
124.205
124.205
124.205
123.621
123.621
123.621
123.621
123.621
122.333
122.333
122.333
122.333
122.333
122.333
122.333
120.684
120.684
120.684
120.684
120.684
120.684
120.684
120.684
120.684
120.684
120.684
120.684
119.328
118.853
118.853
118.853
118.853
118.853
118.853
118.853
118.853
118.33
118.33
118.33
118.33
118.33
118.33
118.33
118.33
118.33
118.33
117.142
117.142
117.142
117.142
117.142
117.142
117.142
117.106
117.106
117.106
117.106
117.106
117.106
117.106
117.106
117.106
117.106
117.084
117.084
117.084
115.784
115.728
115.728
115.728
115.728
114.811
114.811
114.811
114.811
114.811
114.811
114.811
114.811
114.006
112.788
112.788
112.788
112.463
112.463
111.715
111.715
111.715
110.725
110.725
110.725
110.725
110.592
109.302
109.302
109.302
109.302
109.077
109.077
109.077
109.077
108.905
108.905
107.984
107.984
107.984
107.441
107.441
107.441
107.441
107.441
107.441
107.441
107.441
107.441
107.441
107.441
107.441
107.441
107.441
107.441
107.441
107.441
106.414
106.414
106.414
106.414
105.517
105.517
105.517
105.517
105.517
105.517
105.517
105.517
105.517
105.517
103.835
103.835
103.835
103.835
103.835
103.835
103.65
103.65
103.138
103.138
103.138
103.138
103.138
102.708
102.708
102.708
102.708
101.709
101.709
101.709
101.709
101.709
100.61
100.61
100.61
100.61
100.61
100.61
100.61
100.61
100.552
100.552
100.552
100.552
100.552
100.552
98.589
98.589
98.589
97.1526
97.1526
97.1526
97.1526
97.1526
97.1526
97.1526
97.1526
97.1526
96.7981
96.6772
96.6772
96.6772
96.6772
96.6772
96.6772
96.6772
96.6772
96.6772
96.6772
96.6772
96.6772
96.5558
96.5558
96.5558
96.5558
96.5558
94.7695
94.7695
94.2903
94.2903
94.2903
93.7448
93.7448
93.7448
93.7448
93.7448
93.563
93.563
93.563
92.9594
92.9594
92.9594
92.9126
92.9126
92.9126
92.9126
92.9126
92.9126
92.9126
92.9126
92.9126
92.9126
92.9126
92.9126
92.6049
92.6049
92.3168
92.3168
92.003
92.003
92.003
92.003
92.003
92.003
91.1971
91.1971
90.7127
90.7127
85.0404
85.0404
85.0404
85.0404
84.739
84.739
84.739
84.739
84.739
84.739
84.739
84.739
84.739
84.739
84.739
84.739
84.739
84.739
84.739
84.739
84.739
84.739
84.739
84.4345
84.4345
84.4345
84.4345
84.4345
84.4345
84.4345
84.4345
84.4345
84.4345
84.4345
84.4345
84.4345
84.4345
84.4345
84.4345
84.4345
84.4345
84.4345
84.4345
84.4345
84.4345
84.4345
84.4345
84.4345
84.4345
84.4345
83.7849
83.7849
83.7849
83.7849
83.7849
83.7849
83.7849
83.7625
83.7625
83.7625
83.7625
82.3228
82.3228
82.3228
82.3228
82.3228
82.3228
82.3228
82.3228
82.3228
82.3228
82.3228
82.3228
81.4316
81.4316
81.4316
81.4316
81.4316
81.4316
81.4316
81.4316
81.4316
81.4316
81.4316
81.4316
81.4316
81.4316
81.4316
81.4316
81.4316
81.4316
81.4316
81.4316
81.4316
81.4316
81.4316
81.4316
81.4316
81.3252
81.3252
81.3252
81.3252
81.3252
81.3252
81.3252
81.3252
81.3252
81.3252
81.3252
81.3252
81.3252
81.3252
81.3252
81.3252
80.6707
80.6707
80.6707
80.6707
80.6707
80.6707
80.6707
80.6707
80.6707
80.6707
80.6707
80.6707
80.6707
80.6707
80.6707
80.4382
80.1275
80.1275
80.1275
79.7013
79.7013
79.7013
79.7013
79.7013
79.7013
79.3229
79.3229
79.3229
79.3229
79.3229
79.3229
79.3229
79.3229
79.3229
79.3229
79.3229
79.3229
79.3229
79.3229
79.3229
79.3229
79.2632
79.2632
79.2632
79.2632
79.2632
79.2632
79.2632
79.2632
79.2632
79.2632
79.2632
79.2632
79.2632
79.2632
79.2632
79.2632
79.1798
79.1798
77.9767
77.9767
77.9767
77.9767
77.9767
77.9767
77.9767
77.9767
77.9767
77.9767
77.9767
77.9767
77.9767
77.9767
77.9767
77.7182
77.7182
77.7182
77.7182
77.7182
77.7182
77.7182
77.7182
77.7182
77.7182
77.7182
77.7182
77.7182
77.7182
77.7182
77.7182
77.7182
77.7182
77.7182
77.7182
77.3758
77.3758
77.3758
77.3758
77.3758
77.3758
76.6057
76.6057
76.6057
76.6057
76.3856
76.3856
76.3856
76.3856
76.3856
76.3856
76.3856
76.3856
76.3856
76.3856
76.3856
76.3856
76.3856
76.3856
76.3856
76.3856
76.3856
76.3856
76.3856
76.3856
76.3856
76.3856
76.3856
76.3856
76.3856
76.3856
76.3856
76.3856
76.3856
76.3856
76.3856
76.3856
76.3856
76.3856
76.3856
76.3856
76.3856
76.3856
76.2875
76.2875
76.2875
76.2875
76.2875
76.2875
76.2875
76.2875
76.2875
76.2875
76.2875
76.2875
76.2875
76.2875
76.2875
76.2875
76.2875
76.2875
76.2875
76.2875
76.2875
76.2875
76.2875
76.2875
76.2875
76.2875
76.2875
76.2875
76.2875
76.2875
76.2875
76.2875
75.6293
75.6293
75.6293
75.6293
75.6293
75.6293
75.6293
75.6293
75.6293
75.6293
75.6293
75.6293
75.6293
75.6293
75.6293
75.6293
75.6293
75.6293
75.6293
75.6293
75.6293
75.6293
75.6293
75.6293
75.6293
75.6293
75.6293
75.6293
75.6293
75.6293
75.6293
75.6293
75.6293
75.6293
75.6293
75.6293
75.6293
75.0861
75.0861
75.0861
75.0861
75.0861
75.0861
75.0861
75.0861
75.0861
75.0861
75.0861
75.0861
75.0861
75.0861
75.0861
75.0861
75.0861
75.0861
75.0861
75.0861
75.0861
75.0861
75.0861
75.0861
75.0861
75.0861
75.0861
75.0861
75.0861
75.0861
75.0861
75.0861
75.0861
75.0861
75.0861
75.0861
75.0861
75.0861
75.0861
75.0861
75.0572
75.0572
75.0572
75.0572
75.0572
75.0572
75.0572
75.0572
75.0572
75.0572
75.0572
75.0572
75.0572
75.0572
75.0572
75.0572
75.0572
75.0572
75.0572
75.0572
75.0572
75.0572
75.0572
75.0572
75.0572
75.0572
75.0572
75.0572
75.0572
75.0572
75.0572
75.0572
75.0572
75.0572
75.0572
75.0572
75.0572
75.0572
75.0572
75.0572
75.0572
75.0572
75.0572
75.0572
75.0572
75.0572
75.0572
75.0572
75.0572
75.0572
75.0572
75.0572
75.0572
75.0572
75.0572
75.0572
75.0572
75.0572
75.0572
75.0572
74.88
74.88
74.88
74.88
74.88
74.88
74.88
74.88
74.88
74.88
74.88
74.88
74.88
74.88
74.88
74.88
74.88
74.88
74.88
74.88
74.88
74.88
74.88
74.88
74.88
74.88
74.88
74.88
74.88
74.88
74.88
74.88
74.88
74.88
74.88
74.88
74.88
74.88
74.88
74.88
74.88
74.88
74.88
74.88
74.88
74.88
74.88
74.88
74.88
74.88
74.88
74.88
74.88
74.88
74.88
74.88
74.88
74.88
74.88
74.88
74.88
74.88
74.88
74.88
74.88
74.88
74.88
74.88
74.88
74.88
74.88
74.88
74.88
73.8772
73.8772
73.8772
73.8772
73.8772
73.8772
73.8772
73.8772
73.8772
73.8772
73.8772
73.8772
73.8772
73.8772
73.8772
73.8772
73.8772
73.8772
73.8772
73.8772
73.8772
73.8772
73.8772
73.8772
73.8772
73.8772
73.8772
73.8772
73.8772
73.7605
73.7605
73.7605
73.7605
73.7605
73.7605
73.7605
73.7605
73.7605
73.7605
73.7605
73.7605
73.7605
73.7605
73.7605
73.7605
73.7605
73.7605
73.7605
73.7605
73.7605
73.7605
73.7605
73.7605
73.7605
73.7605
73.7605
73.7605
73.7605
73.7605
73.7605
73.7605
73.7605
73.7605
73.7605
73.4686
73.4686
73.4686
73.4686
73.4686
73.4686
73.4686
73.4686
73.4686
73.4686
73.4686
73.4686
73.4686
73.4686
73.4686
73.4686
73.4686
73.4686
73.4686
73.4686
73.4686
73.4686
73.4686
73.4686
73.4686
73.4686
73.4686
73.4686
73.4686
73.4686
73.4686
73.4686
73.4686
73.4686
73.4686
73.4686
73.4686
73.4686
73.4686
73.4686
73.4686
73.4686
73.4686
73.4686
72.3744
72.3744
72.3744
72.3744
72.3744
72.3744
72.3744
72.3744
72.3744
72.3744
72.3744
72.3744
72.3744
72.3744
72.3744
72.3744
72.3744
72.3744
72.3744
72.3744
72.3744
72.3744
72.3744
71.6307
71.6307
71.6307
71.6307
71.6307
71.6307
71.6307
71.6307
71.6307
71.6307
71.6307
71.6307
71.6307
71.6307
71.6307
71.6307
71.6307
71.6307
71.6307
71.6307
71.6307
71.6307
71.6307
71.6307
71.6307
71.6307
71.6307
69.8033
69.8033
69.8033
69.8033
69.8033
69.8033
69.8033
69.8033
69.8033
69.8033
69.8033
69.8033
69.8033
69.8033
69.8033
69.8033
69.6531
69.6531
69.6531
69.6531
69.6531
69.6531
69.6531
69.6531
69.6531
69.6531
69.6531
69.6531
69.6531
69.6531
69.6531
69.6531
69.6531
69.6531
69.6531
69.6531
69.6531
69.6531
69.6531
69.6531
69.6531
69.6531
69.6531
69.6531
69.0616
69.0616
69.0616
69.0616
69.0616
69.0616
69.0616
69.0616
69.0616
69.0616
69.0616
69.0616
69.0616
69.0616
69.0616
69.0616
69.0616
69.0616
69.0616
69.0616
69.0616
69.0616
69.0616
69.0616
69.0616
69.0616
69.0616
69.0616
69.0616
69.0616
69.0616
69.0616
69.0616
69.0616
69.0616
69.0616
69.0616
69.0616
69.0616
69.0616
69.0616
69.0616
69.0616
69.0616
69.0616
69.0616
69.0616
69.0616
68.8748
68.8748
68.8748
68.8748
68.8748
68.8748
68.8748
68.8748
68.8748
68.8748
68.8748
68.8748
68.8748
68.8748
68.8748
68.8748
68.8748
68.8748
68.8748
68.8748
68.8748
68.8748
68.8748
68.8748
68.8748
68.8748
68.8748
68.8748
68.8748
68.8748
68.8748
68.8748
68.8748
68.8748
68.8748
68.8748
68.8748
68.8748
68.8748
68.8748
68.8748
68.8748
68.8748
68.8748
68.8748
68.3377
68.3377
68.3377
68.3377
68.3377
68.3377
68.3377
68.3377
68.2781
67.9621
67.9621
67.9621
67.9621
67.9621
67.9621
67.9621
67.9621
67.9621
67.9621
67.9621
67.9621
67.9621
67.9621
67.9621
67.9621
67.9621
67.9621
67.9621
67.9621
67.9621
67.9621
67.9621
67.9621
67.9621
67.9621
67.9621
67.9621
67.9621
67.9621
67.9621
67.9621
67.9621
67.9621
67.9621
67.9621
67.9621
67.9621
67.9621
67.9621
67.9621
67.9621
67.5082
67.5082
67.5082
67.5082
67.5082
66.9716
66.9716
66.9716
66.9716
66.9716
66.9716
66.9716
66.9716
66.9716
66.9716
66.9716
66.9716
66.9716
66.9716
66.9716
66.9716
66.9716
66.9716
66.9716
66.9716
66.9716
66.9716
66.9716
66.9716
66.9716
66.9716
66.9716
66.9716
66.9716
66.9716
66.9716
66.9716
66.9716
66.9716
66.9716
66.9716
66.9716
66.9716
66.9716
66.9716
66.9716
66.9716
66.9716
66.9716
66.9716
66.9716
66.9716
66.9716
66.9716
66.9716
66.9716
66.9716
66.9716
66.9716
66.9716
66.9716
66.9716
66.9716
66.9716
66.9716
66.9716
66.9716
66.9716
66.9716
66.9716
66.9716
66.9716
66.9716
65.9839
65.9839
65.9839
65.9839
65.9839
65.9839
65.9839
65.9839
65.9839
65.9839
65.9839
65.9839
65.9839
65.9839
65.9839
65.9839
65.9839
65.9839
65.9839
65.9839
65.9839
65.9839
65.9839
65.9839
65.9839
65.9839
65.9839
65.9839
65.9839
65.9839
65.9839
65.9839
65.9839
65.9839
65.9839
65.9839
65.9839
65.9839
65.9839
65.9839
65.9839
65.9839
65.9839
65.9839
65.9839
65.9839
65.9839
65.9839
65.9839
65.9839
65.9839
65.9839
65.9839
65.9839
65.9839
65.9839
65.9839
65.9839
65.9839
65.9839
65.9839
65.9839
65.9839
65.9839
65.9839
65.9839
65.9839
65.9839
65.9839
65.9839
64.6559
64.6559
64.6559
64.6559
64.6559
64.6559
64.6559
64.6559
64.6559
64.6559
64.6559
64.6559
64.6559
64.6559
64.6559
64.6559
64.6559
64.6559
64.6559
64.6559
64.6559
64.6559
64.6559
64.6559
64.6559
64.6559
64.6559
64.6559
64.6559
64.6559
64.6559
64.6559
64.6559
64.6559
64.6559
64.6559
64.6559
64.6559
64.6559
64.6559
64.6559
64.6559
64.6559
64.6559
64.6559
64.6559
64.6559
64.6559
64.6559
64.6559
64.6559
64.6559
64.6559
64.6559
64.6559
64.6559
64.6559
64.6559
64.6559
64.6559
64.6559
64.6559
64.6559
64.6559
64.6559
64.6559
64.6559
64.6559
64.6559
64.6559
64.6559
64.6559
64.6559
64.6559
64.6559
64.6559
64.6559
64.6559
64.6559
64.6559
64.6559
64.6559
64.6559
64.6559
64.6559
64.6559
64.6559
64.6559
64.6559
64.6559
64.6559
64.6559
64.6559
64.6559
64.6559
64.6559
64.6559
64.6559
64.6559
64.6559
64.6559
64.6559
64.6559
64.6559
64.6559
64.6559
64.6559
64.6559
64.6559
64.6559
64.6559
64.6559
64.6559
64.6559
64.6559
64.6559
64.6559
64.6559
62.275
62.275
62.275
62.275
62.275
62.275
62.275
62.275
62.275
62.275
62.275
62.275
62.275
62.275
62.275
62.275
62.275
62.275
62.275
62.275
62.275
62.275
62.275
62.275
62.275
62.275
62.275
62.275
62.275
62.275
62.275
62.275
62.275
62.275
62.275
62.275
62.275
62.275
62.275
62.275
62.275
62.275
62.275
62.275
62.275
62.275
62.275
62.275
62.275
62.275
62.275
62.275
62.275
62.275
62.275
62.275
62.275
62.275
62.275
62.275
62.275
62.275
62.275
62.275
62.275
62.275
62.275
62.275
62.275
62.275
62.275
62.275
62.275
62.275
62.275
62.275
62.275
62.275
62.275
62.275
62.275
62.275
62.275
62.1612
62.1612
62.1612
62.1612
62.1612
62.1612
62.1612
62.1612
62.1612
62.1612
62.1612
62.1612
62.1612
62.1612
62.1612
62.1612
62.1612
62.1612
62.1612
62.1612
62.1612
62.1612
62.1612
62.1612
62.1612
62.1612
62.1612
62.1612
62.1612
62.1612
62.1612
62.1612
62.1612
62.1612
62.1612
62.1612
62.1612
62.1612
62.1612
62.1612
62.1612
62.1612
62.1612
62.1612
62.1612
62.1612
62.1612
62.1612
62.1612
62.1612
62.1612
62.1612
62.1612
62.1612
62.1612
62.1612
62.1612
62.1612
62.1612
62.1612
