2344.02
2307.38
2263.69
2263.69
2192.28
2187.12
2133.17
2042.52
2038.17
1980.89
1980.89
1962.71
1932.75
1907.77
1907.77
1863.3
1835.02
1809.6
1781.91
1742.17
1739.51
1659.96
1659.96
1586.39
1586.39
1565.98
1513.65
1491.82
1491.82
1479.06
1433.94
1433.94
1384.31
1352.54
1334.67
1334.67
1293.79
1293.79
1267.73
1259.18
1237.16
1220.68
1215.02
1190.95
1187.4
1149.42
1149.42
1135.52
1135.52
1088.36
1084.57
1070.89
1051.58
1051.15
1049.5
1023.57
1001.69
1001.69
990.41
978.961
978.274
962.159
929.501
929.501
892.584
891.856
891.856
881.482
881.482
877.789
877.119
866.588
839.063
839.063
839.063
812.674
812.674
793.038
793.038
783.03
777.141
760.434
760.434
754.695
745.849
745.849
745.387
726.821
726.821
726.821
721.856
712.568
712.568
679.183
679.183
660.813
642.824
642.824
638.973
627.228
627.228
609.606
609.606
609.606
601.605
586.938
586.938
586.938
554.176
554.176
552.733
551.392
542.635
536.247
536.247
536.247
522.576
517.918
507.117
507.117
507.117
499.041
494.239
487.722
487.722
487.722
484.043
484.043
480.304
459.715
459.715
457.108
457.108
454.819
438.816
438.816
436.96
435.588
435.588
435.017
435.017
428.914
428.914
428.914
420.705
420.705
418.662
418.662
410.128
410.128
410.128
401.786
401.786
401.786
397.106
394
388.325
388.325
388.325
388.115
386.925
384.29
365.812
365.812
365.812
365.646
365.646
364.015
361.24
361.24
357.39
357.39
357.268
356.688
356.688
340.593
340.593
340.593
340.097
340.097
337.225
337.225
337.225
334.509
332.479
326.624
326.624
326.624
326.624
326.624
322.932
322.932
316.841
316.841
316.841
315.978
315.978
312.499
312.499
312.499
302.65
302.65
301.516
301.516
297.889
297.889
296.08
296.08
296.08
291.848
291.848
291.848
291.8
282.097
282.097
282.097
282.097
280.467
279.889
277.932
274.038
271.611
271.611
271.611
254.887
254.887
254.887
254.887
253.931
253.557
250.894
250.894
249.659
249.659
248.055
248.055
244.707
244.707
244.707
244.707
240.16
240.16
240.16
238.714
238.714
238.714
233.254
233.254
233.254
233.254
232.848
229.377
229.377
229.377
229.377
225.251
220.737
220.737
220.737
219.806
219.091
215.743
215.539
214.461
212.399
212.399
210.274
208.86
208.86
205.457
205.457
204.755
204.755
202.815
202.815
201.271
201.271
199.791
199.472
199.472
198.001
198.001
198.001
196.715
196.715
196.715
192.566
192.566
192.14
189.093
189.093
189.093
189.093
188.044
188.044
187.47
187.47
186.108
186.08
186.08
186.08
184.232
184.232
184.232
184.232
184.232
184.232
182.896
182.896
182.896
182.896
182.896
181.856
181.856
181.044
181.044
181.044
178.476
178.476
178.476
178.476
178.476
178.476
178.001
177.027
175.048
175.048
175.048
175.048
175.048
174.539
173.666
173.666
173.666
168.832
168.832
168.832
168.832
167.797
167.797
167.797
167.797
167.797
165.799
165.799
164.43
164.43
164.43
164.048
162.642
159.518
159.518
159.518
159.518
158.849
158.849
158.125
158.125
157.188
155.37
155.37
155.37
153.805
151.667
148.919
148.919
148.919
148.919
146.843
146.843
145.374
145.374
145.374
145.374
144.87
143.272
143.272
143.272
143.272
143.272
143.197
141.768
141.263
141.263
141.263
139.67
139.67
139.67
139.67
139.67
139.67
139.67
139.67
139.67
139.67
138.802
138.802
137.787
137.787
137.462
136.184
136.184
136.184
136.184
136.07
136.07
136.07
136.07
130.955
130.955
130.955
130.955
130.209
130.209
130.209
129.308
129.308
129.308
129.308
129.308
129.308
129.308
129.308
129.308
128.413
128.297
128.297
127.293
127.293
124.976
124.976
122.121
122.121
122.121
122.121
121.211
119.816
119.816
119.816
119.816
118.251
118.251
118.077
118.077
117.524
117.524
117.524
116.815
116.815
116.815
115.062
115.062
115.062
113.331
113.331
113.331
113.299
113.299
113.299
113.299
113.299
113.299
113.299
111.917
111.917
111.81
109.511
109.511
109.511
109.092
109.092
109.092
109.092
109.092
109.092
108.85
107.827
107.827
107.827
107.827
106.917
106.917
106.917
106.917
106.917
106.917
106.917
106.37
106.37
106.37
106.273
106.273
106.273
106.273
105.675
105.675
105.035
105.035
105.035
104.857
104.857
104.521
104.521
104.521
104.521
104.504
104.504
104.504
104.504
104.504
104.504
104.504
104.504
103.65
103.65
103.65
103.65
103.65
103.65
103.65
103.65
103.65
103.65
103.65
103.65
102.686
102.686
102.686
102.686
102.224
102.142
102.142
102.142
102.142
102.142
102.142
100.007
100.007
100.007
100.007
100.007
100.007
100.007
100.007
100.007
98.8677
98.5941
98.5941
98.5941
98.5941
98.5941
98.5941
97.8757
97.8757
97.8757
97.8757
97.8757
97.8757
97.8757
97.8757
95.2295
95.2295
95.2295
95.2295
95.2295
95.2295
95.2295
95.2295
95.1243
95.1243
95.1243
95.1243
93.4411
93.4411
93.4411
93.4411
93.4411
93.4411
93.4411
93.4411
93.4411
93.4411
93.4411
93.4411
93.4411
93.4411
93.3347
93.3347
93.3347
93.3347
93.3347
93.3347
93.3347
93.3347
93.3347
93.3347
93.3347
93.3347
93.3347
93.3347
93.3347
93.3347
93.3347
93.3347
93.3347
92.7421
92.7421
92.7421
92.7421
92.7421
92.7421
92.7421
91.3754
91.3754
91.3754
91.3754
91.3754
91.3754
91.0364
91.0364
91.0364
91.0364
91.0364
91.0364
90.8997
90.8997
90.8997
90.8997
90.8997
90.8997
90.8997
90.8997
90.8997
90.8997
90.8997
90.8997
90.1505
90.1505
90.1505
90.1505
89.4389
89.4389
89.4389
89.4389
89.4389
89.4389
89.4389
89.4389
89.4389
89.4389
89.4389
89.4389
89.4389
89.4389
89.4389
89.4389
89.4389
89.4389
89.4389
89.4389
89.4389
89.4389
89.4389
89.4389
89.4389
89.4389
89.4389
89.4389
89.4389
89.4389
89.4389
89.4389
88.6135
88.6135
88.6135
87.8731
87.8731
87.8731
87.8731
87.8731
87.8731
87.8731
87.8731
87.8731
87.8731
87.8731
87.8731
87.8731
87.8731
87.7713
87.6949
87.6949
87.6949
87.6949
87.6949
87.6949
86.6885
86.6885
86.6885
86.6885
86.6885
86.6885
86.6885
86.4686
86.4686
86.4686
86.4686
86.4299
86.4299
86.4299
86.4299
86.4299
86.4299
86.0777
86.0777
86.0777
86.0777
86.0491
86.0491
86.0491
86.0491
86.0491
86.0491
86.0491
85.2683
85.2683
85.2683
85.2683
85.2683
85.2683
85.2683
85.2683
85.2683
85.2683
85.2683
85.2683
85.2683
85.2683
85.2683
85.2683
85.2683
85.022
84.471
84.471
84.471
84.471
84.471
84.471
84.471
84.471
84.471
84.4424
84.4424
84.4424
84.4424
84.4424
84.4424
84.4424
84.4424
84.4424
84.4424
84.4424
84.4424
84.4424
84.4424
84.2301
84.2301
84.2301
84.2301
84.2301
84.2301
84.2301
84.2301
84.2301
84.2301
84.2301
84.2301
84.2301
84.2301
84.2301
84.2301
84.2301
84.2301
84.2301
84.2301
82.9895
82.9895
82.9895
82.741
82.741
82.741
82.741
82.741
82.741
82.741
82.741
82.727
82.727
82.727
82.727
82.727
82.727
82.727
82.727
82.727
82.727
82.6298
82.6298
82.6298
82.6298
82.6298
82.6298
82.6298
82.6298
82.6298
82.6298
82.6298
82.6298
82.6298
82.6298
82.6298
82.6298
82.4355
82.4355
82.4355
82.4355
82.4355
82.4355
82.4355
82.4355
82.4355
82.4355
82.2408
82.2408
82.2408
82.2408
82.2408
82.2408
82.2408
81.9396
81.9396
81.9396
81.9396
81.6861
81.6861
81.6861
81.6861
81.6861
81.6861
81.6861
81.6861
81.6861
81.6861
81.6861
81.6861
81.6861
81.6861
80.6253
80.6253
80.6253
80.6253
80.6253
80.6253
80.6253
80.6253
80.6253
80.6253
80.6253
80.6253
80.6253
80.6253
80.6253
80.6253
80.6253
80.6253
80.6253
80.6253
80.6253
80.6253
80.6253
80.6253
80.6253
80.6253
80.6253
80.6253
80.6253
80.6253
80.6253
80.6253
80.6253
80.6253
80.6253
80.6253
80.6253
80.6253
80.3666
80.3666
80.3666
80.3666
80.3666
80.3074
80.3074
80.3074
80.3074
80.3074
80.3074
80.3074
80.3074
80.3074
80.3074
80.3074
80.3074
79.9775
79.9775
79.9775
79.9775
79.9775
79.9775
79.9775
79.9775
79.9775
79.9775
79.9775
79.9775
79.9775
79.9775
79.9775
79.9775
79.9775
79.9775
79.9775
79.9775
79.9775
79.6968
79.6968
79.6968
79.6968
79.398
79.398
79.398
78.9686
78.9686
78.9686
78.9686
78.9686
78.9686
78.9686
78.9686
78.9686
78.9686
78.9686
78.9686
78.9686
78.9686
78.9686
78.9686
78.9686
78.9686
78.9686
78.9686
78.8348
78.8348
78.8348
78.8348
78.8348
78.8348
78.8348
78.8348
78.8348
78.8348
78.8348
78.8348
78.8348
78.8348
78.8348
78.5682
78.5682
78.5682
78.5682
78.5682
78.5682
78.5682
78.5682
78.5682
78.5682
78.5682
78.5454
78.5454
78.5454
78.5454
78.5454
78.5454
78.5454
78.5454
78.5454
78.5454
78.5454
78.5454
78.5454
78.5454
78.5454
78.5454
78.5454
78.5454
78.5454
78.5454
78.5454
78.5454
78.5454
78.5454
78.5454
78.2439
78.2439
78.2439
78.2439
78.2439
78.2439
78.2439
78.2439
78.2439
78.2439
78.2439
78.2439
78.2439
78.2439
78.2439
78.2439
78.2439
78.2439
78.2439
78.2439
78.2439
78.2439
78.2439
78.2439
78.2439
78.2439
78.2439
78.2439
78.2439
78.2439
78.2439
78.2439
78.2439
78.2439
78.2439
78.2439
78.2439
78.2439
78.2439
78.2439
78.2439
78.2439
78.2439
78.2439
78.2439
78.2439
78.2439
78.2439
78.2439
78.2439
78.2439
78.2439
78.2439
78.2439
78.2439
78.2439
78.2439
78.2439
78.2439
78.2439
78.2439
78.2439
78.2439
77.6912
77.6912
77.6912
77.6912
77.6912
77.6912
77.6912
77.6912
77.6912
77.6912
77.6912
77.6912
77.6912
77.6912
77.6912
77.6912
77.6912
77.6912
77.6912
77.6912
77.6912
77.6912
77.6912
77.6912
77.6912
77.6912
77.6912
77.6912
77.6912
77.6912
77.6912
77.6912
77.6912
77.2219
77.2219
77.2219
77.2219
77.2219
77.2219
77.2219
77.2219
77.2219
77.2219
77.2219
77.2219
77.2219
77.2219
77.2219
77.2219
77.2219
77.2219
77.2219
77.2219
77.2219
77.2219
77.2219
77.2219
77.2219
77.2219
77.2219
77.2219
77.2219
76.869
76.869
76.869
76.869
76.869
76.869
76.869
76.869
76.869
76.869
76.869
76.869
76.869
76.869
76.869
76.869
76.869
76.869
76.869
76.869
76.869
76.869
76.869
76.869
76.869
76.869
76.869
76.869
76.869
76.854
76.854
76.854
76.854
76.854
76.854
76.854
76.854
76.854
76.854
76.854
76.854
76.854
76.854
76.854
76.854
76.854
76.854
76.854
76.854
76.6554
76.6554
76.6554
76.6554
76.6554
76.6554
76.6554
76.6554
76.6554
76.6554
76.6554
76.6554
76.6554
76.6554
76.6554
76.6554
76.6554
76.6554
76.6554
76.6554
76.6554
76.6554
76.6554
76.6554
76.6018
76.6018
76.6018
76.6018
76.192
76.192
76.0955
76.0955
76.0955
76.0955
76.0955
76.0955
76.0955
76.0955
76.0955
76.0955
76.0955
76.0955
76.0955
76.0955
76.0955
76.0955
76.0955
76.0955
76.0955
76.0955
76.0955
76.0955
76.0955
76.0955
76.0955
76.0955
76.0955
76.0955
76.0955
76.0955
76.0955
76.0955
76.0955
76.0955
76.0955
76.0955
76.0955
76.0955
76.0955
76.0955
76.0955
76.0955
76.0955
76.0955
76.0955
76.0955
76.0955
75.9634
75.9634
75.9634
75.9634
75.9634
75.9634
75.9634
75.9634
75.9634
75.9634
75.9634
75.9634
75.9634
75.9634
75.9634
75.9634
75.9634
75.9634
75.9634
75.9634
75.9634
75.9634
75.9634
75.9634
75.9634
75.9634
75.9634
75.9634
75.9634
75.9634
75.9634
75.9634
75.9634
75.9634
75.9634
75.9634
75.9634
75.9634
75.9634
75.9634
75.9634
75.4138
75.4138
75.4138
75.4138
75.4138
75.4138
75.4138
75.4138
75.4138
75.4138
75.4138
75.4138
75.4138
75.4138
75.4138
75.4138
75.4138
75.4138
75.4138
75.4138
75.4138
75.4138
75.4138
75.4138
75.4138
75.4138
75.4138
75.4138
75.4138
75.4138
75.4138
75.4138
75.4138
75.4138
75.4138
75.4138
75.4138
75.3407
75.3407
75.3407
75.3407
75.3407
75.3407
75.3407
75.3407
75.3407
75.3407
75.3407
75.3407
75.3407
75.3407
75.3407
74.6132
74.6132
74.6132
74.6132
74.6132
74.6132
74.6132
74.6132
74.6132
74.463
74.463
74.463
74.463
74.463
74.463
74.463
74.463
74.463
74.463
74.463
74.463
74.463
74.463
74.463
74.463
74.463
74.463
74.463
74.463
74.463
74.463
74.463
74.463
74.463
74.463
74.463
74.463
74.463
74.463
74.463
74.463
74.463
74.463
74.463
74.463
74.463
74.463
74.463
74.463
74.463
74.463
74.463
74.463
74.463
74.463
74.463
74.463
74.463
74.463
74.463
74.463
74.463
74.463
74.463
74.463
74.463
74.463
74.463
74.463
74.463
74.463
74.463
74.463
74.463
74.463
74.463
74.463
74.463
74.463
74.463
74.463
74.463
74.463
74.463
74.463
74.463
74.463
74.463
74.2275
74.2275
74.2275
74.2275
74.2275
74.2275
74.2275
74.2275
74.2275
74.2275
74.2275
74.2275
74.2275
74.2275
74.2275
74.2275
74.2275
74.2275
74.2275
74.2275
74.2275
74.2275
74.2275
74.2275
74.2275
74.2275
74.2275
74.2275
74.2275
74.2275
74.2275
74.2275
74.2275
74.2275
74.2275
74.2275
74.2275
74.2275
74.2275
74.2275
74.2275
74.2275
74.2275
74.2275
74.2275
74.2275
74.2275
74.2275
74.2275
74.2275
74.2275
74.2275
74.2275
74.2275
74.2275
74.2275
74.2275
74.2275
74.2275
74.2275
74.2275
74.2275
74.2275
74.2275
74.2275
74.2275
74.2275
72.8752
72.8752
72.8752
72.8752
72.8752
72.8752
72.8752
72.8752
72.8752
72.8752
72.8752
72.8752
72.8752
72.8752
72.8752
72.8752
72.8752
72.8752
72.8752
72.8752
72.8752
72.8752
72.8752
72.8752
72.8752
72.8752
72.8752
72.8752
72.8752
72.8752
72.8752
72.8752
72.8752
72.8752
72.8752
72.8752
72.8752
72.8752
72.8752
72.8752
72.8752
72.8752
72.8752
72.8752
72.8752
72.8752
72.8752
72.8752
72.8752
72.8752
72.8752
72.8752
72.8752
72.8752
72.8752
72.8752
72.8752
72.8752
72.8752
72.8752
72.8752
72.8752
72.8752
72.8752
72.8752
72.8752
72.8752
72.8752
72.8752
72.8752
72.8752
72.8752
72.8752
72.8752
72.8752
72.8752
72.8752
72.8752
72.8752
72.8752
72.8752
72.8752
72.8752
72.8752
72.8752
72.8752
72.8752
72.8752
72.8752
72.8752
72.8752
72.8752
72.8752
72.8752
72.8752
72.8752
72.8752
72.8752
72.8752
72.8752
72.8752
72.8752
72.8752
72.8752
72.8752
72.8752
72.8752
72.8752
72.8752
72.8752
72.8752
72.8752
72.8752
72.8752
72.8752
72.8752
72.8752
72.8752
72.8752
72.8752
72.8752
72.8752
72.8752
72.8752
72.8752
72.8752
72.8752
72.8752
72.8752
72.8752
72.8752
72.8752
72.8752
72.8752
72.8752
72.8752
72.8752
72.8752
72.8752
72.8752
72.8752
72.8752
72.8752
72.8752
72.865
72.865
72.865
72.865
72.865
72.865
72.865
72.865
72.865
72.865
72.865
72.865
72.865
72.865
72.865
72.865
72.865
72.865
72.865
72.865
72.865
72.865
72.865
72.865
72.865
72.865
72.865
72.865
72.865
72.865
72.865
72.865
72.865
72.865
72.865
72.865
72.865
72.865
72.865
72.865
72.865
72.865
72.865
72.865
72.865
72.865
72.865
72.865
72.865
72.865
72.865
72.865
72.865
72.865
72.865
72.865
72.865
72.865
72.865
72.865
72.865
72.865
72.865
72.865
72.865
72.865
72.865
72.865
72.865
72.865
72.865
72.865
72.865
72.865
72.865
72.865
72.865
72.865
72.865
72.865
72.865
72.865
72.865
72.865
72.865
72.865
72.865
72.865
72.865
72.865
72.865
72.865
72.865
72.865
72.865
72.865
72.865
72.865
72.865
72.865
72.865
72.865
72.865
72.865
72.865
72.865
72.865
72.865
72.865
72.865
72.865
72.865
72.865
72.865
72.865
72.865
72.865
72.865
72.865
72.865
72.865
72.865
72.865
72.865
72.865
72.865
72.865
72.865
72.865
72.865
72.865
72.865
72.865
72.865
72.865
72.865
72.865
72.865
72.865
72.865
72.865
72.865
72.865
72.865
72.865
72.865
72.865
72.865
72.865
72.865
72.865
72.865
72.865
72.865
72.865
72.865
72.865
72.865
72.865
72.865
72.865
72.865
72.865
72.865
72.865
72.865
72.865
72.865
72.865
72.865
72.865
72.865
72.865
72.865
72.865
72.865
72.865
72.865
72.865
72.865
72.865
72.865
72.865
72.865
72.865
72.865
72.865
72.865
72.865
72.865
72.865
72.865
72.865
72.865
72.865
72.865
72.865
72.865
72.865
72.865
72.865
72.865
72.865
72.865
72.865
72.865
72.865
72.865
72.865
72.865
72.865
72.865
72.865
72.865
72.865
72.865
72.865
72.865
72.865
72.865
72.865
72.865
72.865
72.865
72.865
72.865
72.865
72.865
72.865
72.865
72.865
72.865
72.865
72.865
72.865
72.865
72.865
72.865
72.865
72.865
72.865
72.865
72.865
72.865
72.865
72.865
72.865
72.865
72.865
72.865
72.865
72.865
72.865
72.865
72.865
72.865
72.865
72.865
72.865
72.865
72.865
72.865
72.865
72.865
72.865
72.865
72.865
72.865
72.865
72.865
72.865
72.865
72.865
72.865
72.865
72.865
72.865
72.865
72.865
72.865
72.865
72.865
72.865
72.865
72.865
72.865
72.865
72.865
72.865
72.865
72.865
72.865
72.865
72.865
72.865
72.865
72.865
72.865
72.865
72.865
72.865
72.865
72.865
72.865
72.865
72.865
72.865
72.865
72.865
72.865
72.865
72.865
72.865
72.865
72.865
72.865
72.865
72.865
72.865
72.865
72.865
72.865
72.865
72.865
72.865
72.865
72.865
72.865
72.865
72.865
72.865
72.865
72.865
72.865
72.865
72.865
72.865
72.865
72.865
72.865
72.865
72.865
72.865
72.865
72.865
72.6901
