2601.08
2539.83
2456.24
2379.33
2365.76
2281.18
2281.18
2244.76
2230.88
2143.79
2119.96
2111.84
2088.33
2030.58
1953.51
1947.77
1909.24
1897.66
1806.95
1760.05
1732.37
1723.59
1702.59
1654.13
1618.95
1567.62
1567.62
1541.52
1512.67
1496.37
1496.37
1450.86
1445.77
1417.03
1383.91
1383.91
1378.7
1370.4
1368.49
1339.42
1324.22
1324.22
1285.17
1285.17
1273.03
1255.78
1255.78
1233.68
1210.49
1210.49
1188.99
1173.68
1164.34
1164.34
1157.43
1118.43
1109.27
1101.74
1098.46
1097.19
1073.26
1064.47
1052.61
1043.48
1041.47
1029.47
1024.14
988.75
985.206
953.68
942.025
942.025
942.025
915.695
909.809
909.809
887.203
887.203
878.145
865.826
841.218
841.218
841.218
839.408
829.806
829.806
810.462
804.478
804.478
780.06
768.099
768.099
744.618
744.618
744.618
736.623
736.623
724.774
721.169
713.207
713.207
674.097
671.974
653.039
647.552
646.28
641.545
629.053
614.56
603.015
603.015
588.374
588.374
583.805
583.805
579.608
574.584
574.584
571.499
571.499
571.499
557.433
557.433
557.433
551.09
528.657
528.657
526.639
522.049
522.049
519.552
513.581
512.883
490.307
490.307
490.307
490.307
488.416
488.416
474.591
474.591
474.591
463.332
463.332
463.029
463.029
455.851
451.767
451.767
451.767
447.407
447.407
445.457
433.53
430.6
421.611
421.611
411.813
411.813
407.533
407.533
403.651
403.651
403.651
401.383
401.383
399.81
394.663
394.663
391.632
385.073
385.073
383.234
382.917
378.245
378.245
378.245
369.883
369.883
369.883
366.522
366.522
364.448
363.637
358.952
358.952
356.955
351.298
344.112
343.211
340.088
331.47
331.47
331.47
329.993
329.993
329.993
327.272
327.272
323.899
323.899
323.899
323.899
322.707
317.849
317.849
311.197
311.197
311.197
309.885
309.885
309.884
305.538
305.538
296.719
296.719
296.719
287.639
283.128
283.128
283.128
282.246
281.927
280.405
279.861
277.817
275.582
275.582
275.515
272.341
266.848
262.954
262.954
262.954
260.967
259.503
257.944
257.944
256.415
255.489
244.266
244.266
244.266
244.266
243.48
240.159
240.159
240.159
240.159
238.946
238.946
237.731
236.261
236.261
236.261
236.261
236.261
234.522
233.993
233.993
227.897
227.897
227.897
227.897
220.651
220.651
220.651
220.651
215.33
215.33
215.33
215.33
211.463
211.463
211.463
209.905
209.905
207.828
207.828
207.828
202.837
202.837
202.837
201.185
201.185
201.185
193.989
193.989
193.989
193.989
193.071
193.071
191.648
191.648
189.209
189.209
187.272
187.272
186.048
186.048
186.048
186.048
184.626
184.626
184.626
184.626
184.626
184.626
184.626
183.877
183.658
182.959
178.392
178.392
178.392
178.246
178.246
178.246
172.977
172.977
172.977
172.977
172.977
172.765
169.525
169.525
169.525
169.147
167.814
167.814
167.814
165.971
165.971
165.971
163.361
162.044
162.044
162.044
162.044
162.044
161.251
160.938
160.938
160.938
160.938
160.938
160.938
160.331
160.266
160.266
159.282
143.058
143.058
143.058
140.584
140.442
140.442
140.103
140.103
139.712
138.738
138.738
138.738
136.261
136.261
136.261
136.261
134.056
134.056
131.342
131.342
129.712
129.712
129.712
129.712
129.712
129.712
129.712
129.712
129.712
127.533
127.533
127.533
127.533
126.867
126.867
126.867
126.867
126.867
126.867
126.867
125.586
125.586
124.465
123.294
123.287
121.399
121.399
120.165
116.408
116.408
116.408
116.408
116.408
116.408
114.641
114.641
113.858
113.858
113.858
113.858
112.315
112.315
111.716
111.716
111.689
111.689
111.689
110.734
110.734
110.734
110.734
109.116
109.116
109.116
109.116
109.116
108.618
108.618
108.618
108.618
108.618
108.618
108.618
106.575
106.575
106.314
106.314
106.314
106.314
106.314
106.314
106.314
103.239
103.239
103.239
103.239
102.919
102.919
102.919
102.919
99.3007
99.3007
98.7446
98.7446
98.7446
97.9867
97.9867
97.9867
97.1147
97.1147
96.7051
96.7051
96.4578
96.4578
96.4578
96.4578
96.4578
96.4578
96.4578
96.4578
96.4578
96.4578
96.4578
96.4578
96.3513
96.0482
96.0482
96.0482
96.0482
95.4771
95.4771
95.4771
95.4771
95.4771
95.4771
93.8183
93.8183
93.8183
93.8183
93.8183
93.5484
92.9028
92.9028
91.8062
91.8062
91.8062
88.9205
88.9205
88.9205
88.9205
87.2304
87.2304
87.2304
87.2304
87.2304
85.8602
85.8602
85.8602
85.8602
85.8602
85.2698
85.2698
85.2698
85.2698
85.2698
85.2698
84.9551
84.9551
84.9551
84.9551
84.9551
84.9551
84.6964
84.6964
84.6964
84.6964
83.4114
83.4114
83.4114
83.4114
83.4114
83.4114
83.4114
82.9381
82.9381
82.9381
82.9381
82.9381
82.5827
82.5827
82.5827
82.5827
82.5827
82.4661
81.2474
81.2474
81.2474
81.2474
81.2474
81.2474
81.2474
81.2474
81.2474
81.2474
80.5959
80.5959
80.5959
80.5959
80.5959
79.5403
79.5403
79.5403
79.5403
79.5403
79.5403
79.5403
77.5727
77.5727
77.5727
77.5727
77.5727
77.5727
77.5727
77.5727
77.5727
77.5727
77.4663
77.4663
77.4663
76.6985
76.6985
76.6985
76.6985
76.6985
76.6985
76.1312
76.1312
76.1312
76.1312
75.1465
75.1465
75.1465
75.1465
75.1465
75.1465
74.3471
74.3471
74.3471
74.3471
74.3471
74.3471
74.3471
74.3471
74.3471
74.3471
74.3471
74.3471
74.1429
74.1429
74.1429
74.1429
74.1429
74.1429
73.6625
73.6625
73.6625
73.6625
73.6625
73.6625
73.6625
73.6625
73.6625
73.6625
73.6625
73.6625
73.6625
73.6625
73.6625
73.6625
71.4929
71.4929
71.4929
71.4929
71.4929
71.4929
71.4929
71.4251
71.4251
71.4251
71.4251
71.4251
71.4251
71.4251
71.4251
71.4251
71.4251
71.4251
71.4251
71.4251
71.4251
71.4251
71.4251
71.4251
71.4251
71.4251
71.4251
71.4251
71.4251
71.4251
71.4251
71.4251
71.4251
71.4251
71.4251
71.4251
71.4251
71.4251
71.4251
71.4251
71.4251
71.4251
71.4251
69.3922
69.3922
69.3922
69.3922
69.3922
69.3922
69.3922
69.3922
69.3922
69.3922
69.3922
69.3922
69.3922
69.3922
69.3922
69.3922
69.3922
69.3713
69.3713
69.3713
69.3713
69.3713
69.3713
69.3713
69.3713
69.3713
69.3713
69.3713
69.3713
69.3713
69.3713
69.3713
69.3713
69.3713
69.3713
69.3713
69.3713
69.3713
69.3713
69.3713
69.3713
69.3713
69.3713
69.2489
69.2489
69.2489
69.2489
69.2489
68.2951
68.2951
68.2951
68.2951
68.2951
68.2951
68.2951
68.2951
68.1986
68.1986
68.1986
68.1986
68.1986
67.7787
67.7787
67.7787
67.7787
67.7787
67.7787
67.7787
67.7787
67.7787
67.7787
67.7787
67.7787
67.7787
67.7787
67.7787
67.7787
67.7787
67.7787
67.7787
67.7787
67.7787
67.7787
67.7787
67.7787
67.7787
67.7787
67.7787
67.7787
67.7787
67.7787
67.7787
67.7787
67.7787
67.7787
67.7787
67.7787
66.8493
66.8493
66.8493
66.8493
66.8493
66.8493
66.8493
66.8493
66.8493
66.6044
66.6044
66.6044
66.6044
66.6044
66.6044
66.6044
66.6044
66.6044
66.6044
66.4304
66.4304
66.3389
66.3389
66.3389
66.3389
66.3389
66.3389
66.3389
66.3389
65.7968
65.7968
65.7968
65.7968
65.7968
65.7968
65.7968
65.7968
65.7968
65.7968
65.7968
65.7968
65.7968
65.7968
65.0894
65.0894
65.0894
65.0894
65.0894
65.0894
65.0894
65.0894
65.0894
65.0894
65.0894
65.0894
65.0781
65.0781
65.0781
65.0781
65.0385
65.0385
65.0385
65.0385
65.0385
65.0385
65.0385
64.8615
64.8615
64.8615
64.8615
64.8615
64.8615
64.8615
64.8615
64.8615
64.8615
64.8615
64.8615
64.8615
64.8615
64.8615
64.8615
64.8615
64.8615
64.5408
64.5408
64.5408
64.5408
64.5408
64.5408
64.5408
64.5408
64.5408
64.5408
64.5408
64.5408
64.5408
64.5408
64.5408
64.5408
64.5408
64.5408
64.5408
64.5408
64.5408
64.5408
64.5408
64.5408
64.5408
64.5408
64.5408
64.5408
64.5408
64.2671
64.2671
64.2671
64.2671
64.2671
64.1724
64.1724
64.1724
64.1724
64.1724
64.1724
64.1724
64.1724
64.1724
64.1724
64.1724
64.1724
64.1724
63.0208
63.0208
63.0208
63.0208
63.0208
63.0208
63.0208
63.0208
63.0208
63.0208
63.0208
63.0208
63.0208
63.0208
63.0208
63.0208
63.0208
63.0208
63.0208
63.0208
63.0208
63.0208
63.0208
63.0208
63.0208
63.0208
63.0208
62.9796
62.9796
62.9796
62.9796
62.9796
62.9796
62.9796
62.9796
62.9796
62.9796
62.9796
62.9796
62.9796
62.9796
62.9796
62.9796
62.9796
62.9796
62.9796
62.9796
62.9796
62.9796
62.9796
62.9198
62.9198
62.9198
62.9198
62.9198
62.9198
62.9198
62.561
62.561
62.561
62.561
62.561
62.561
62.561
62.561
62.561
62.4421
62.4421
62.4421
62.4421
62.4421
62.4421
62.4421
62.4421
62.4421
62.4421
62.4421
62.4421
62.4421
62.4421
62.4421
62.4421
62.4421
62.4421
62.4421
62.4421
62.4421
62.4421
62.4421
62.4415
62.4415
62.4415
62.4415
62.4415
62.4415
62.4415
62.4415
62.4415
62.4415
62.4415
61.6745
61.6745
61.6745
61.6745
61.6745
61.6745
61.6745
61.6745
61.6745
61.6745
61.6745
61.6745
61.6745
61.6745
61.6745
61.6745
61.6745
61.6745
61.6745
61.6745
61.6745
61.6745
61.6745
61.6745
61.6745
61.6745
61.6745
61.6745
61.6745
61.6745
61.6745
61.6745
61.6745
61.6745
61.6745
61.6745
61.6745
61.6745
61.6745
61.6745
61.6745
61.6745
61.6745
61.6745
61.6745
61.6745
61.6745
61.6745
61.6745
61.6745
61.6745
61.6745
61.6745
61.6745
61.6745
61.6745
61.6745
61.6745
61.6393
61.6393
61.6393
61.6393
61.6393
61.6393
61.6393
61.6393
61.6393
61.6393
61.6393
61.6393
61.6393
61.6393
61.6393
61.6393
61.6393
61.6393
61.6393
61.6393
61.6393
61.6393
61.6393
61.6393
61.6393
61.5204
61.5204
61.5204
61.5204
61.5204
61.5204
61.5204
61.5204
61.5204
61.5204
61.5204
61.5204
61.5204
61.5204
61.5204
61.5204
61.5204
61.0226
61.0226
61.0226
61.0226
61.0226
61.0226
61.0226
61.0226
61.0226
61.0226
61.0226
61.0226
61.0226
61.0226
61.0226
61.0226
61.0226
61.0226
61.0226
61.0226
61.0226
61.0226
61.0226
61.0226
60.6824
60.6824
60.6824
60.6824
60.6824
60.6824
60.6824
60.6824
60.6824
60.6824
60.6824
60.6824
60.6824
60.6824
60.6824
60.6824
60.6824
60.6824
60.6824
60.6824
60.6824
60.6824
60.6824
60.6824
60.6824
60.6824
60.2717
60.2717
60.2717
60.2717
60.2717
60.2717
60.2717
60.2717
60.2717
60.2717
60.2717
60.2717
60.2717
60.2717
60.2717
60.2717
60.2717
60.2717
60.2717
60.2717
60.2717
60.2717
60.2717
60.2717
60.2717
60.2717
60.2717
60.2717
60.2717
60.2717
60.2717
60.2717
60.2717
60.2717
60.2717
60.2717
60.2717
60.2717
60.2717
60.2717
60.2717
60.2717
60.2717
60.2717
60.2717
60.2717
60.2717
60.2717
60.2717
60.2717
59.7955
59.7955
59.7955
59.7955
59.7955
59.7955
59.7955
59.7955
59.7955
59.7955
59.7955
59.7955
59.7955
59.7955
59.7955
59.7955
59.7955
59.7955
59.7955
59.7955
59.7955
59.7955
59.7955
59.7955
59.7955
59.7955
59.7955
59.7955
59.7955
59.7955
59.7955
59.7955
59.7955
59.7955
59.7955
59.7955
59.7955
59.7955
59.7955
59.6258
59.6258
59.6258
59.6258
59.6258
59.6258
59.6258
59.6258
59.6258
59.6258
59.6258
59.6258
59.6258
59.6258
59.6258
59.6258
59.6258
59.6258
59.6258
59.6258
59.6258
59.6258
59.6258
59.6258
59.6258
59.6258
59.6258
59.6258
59.6258
59.6258
59.6258
59.6258
59.6258
59.6258
59.6258
59.6258
59.6258
59.6258
59.6258
59.6258
59.6258
59.6258
59.6258
59.6258
59.6258
59.6258
59.6258
59.6258
59.6258
59.6258
59.6258
59.6258
59.6258
59.6258
59.6258
59.6258
59.6258
59.6258
59.6258
59.6258
59.6258
58.7398
58.7398
58.7398
58.7398
58.7398
58.7398
58.7371
58.7371
58.7371
58.7371
58.7371
58.7371
58.7371
58.7371
58.7371
58.7371
58.7371
58.7371
58.7371
58.7371
58.7371
58.7371
58.7371
58.7371
58.7371
58.7371
58.7371
58.7371
58.7371
58.7371
58.7371
58.7371
58.7371
58.7371
58.2471
58.2471
58.2471
58.2471
58.2471
58.2471
58.2471
58.2471
58.2471
58.2471
58.2471
58.2471
58.2471
58.2471
58.2471
58.2471
58.2471
58.2471
58.2471
58.2471
58.2471
58.2471
58.2471
58.2471
58.2471
58.2471
58.2471
58.0774
58.0774
58.0774
58.0774
58.0774
58.0774
58.0774
58.0774
58.0774
58.0774
58.0774
58.0774
58.0774
58.0774
58.0774
58.0774
58.0774
58.0774
58.0774
58.0774
58.0774
58.0774
58.0774
58.0774
58.0774
58.0774
58.0774
58.0774
58.0774
58.0774
58.0774
58.0774
58.0774
58.0774
58.0774
58.0774
58.0774
58.0774
58.0774
58.0774
58.0774
58.0774
58.0774
58.0774
58.0774
58.0774
58.0774
58.0774
58.0774
58.0774
58.0774
58.0774
58.0774
58.0774
58.0774
58.0774
58.0774
58.0774
58.0774
58.0774
58.0774
58.0774
58.0774
58.0774
58.0774
58.0774
58.0774
58.0774
58.0774
58.0774
58.0774
58.0774
58.0774
58.0774
58.0774
58.0774
58.0774
58.0774
58.0774
58.0774
58.0774
58.0774
57.3612
57.3612
57.3612
57.3612
57.3612
57.3612
57.3612
57.3612
57.3612
57.3612
57.3612
57.3612
57.3612
57.3612
57.3612
57.3612
57.3612
57.3612
57.3612
57.0166
57.0166
57.0166
57.0166
57.0166
57.0166
57.0166
57.0166
57.0166
57.0166
57.0166
57.0166
57.0166
57.0166
57.0166
57.0166
57.0166
57.0166
57.0166
57.0166
57.0166
57.0166
57.0166
57.0166
57.0166
57.0166
57.0166
57.0166
57.0166
57.0166
57.0166
57.0166
57.0166
57.0166
57.0166
57.0166
57.0166
57.0166
57.0166
57.0166
57.0166
57.0166
57.0166
57.0166
57.0166
57.0166
57.0166
57.0166
57.0166
57.0166
57.0166
57.0166
57.0166
57.0166
57.0166
57.0166
57.0166
57.0166
57.0166
57.0166
57.0166
57.0166
57.0166
57.0166
57.0166
57.0166
57.0166
57.0166
57.0166
57.0166
57.0166
57.0166
57.0166
57.0166
57.0166
57.0166
57.0166
57.0166
57.0166
57.0166
57.0166
57.0166
57.0166
57.0166
57.0166
57.0166
57.0166
57.0166
57.0166
57.0166
57.0166
57.0166
57.0166
57.0166
57.0166
57.0166
57.0166
57.0166
57.0166
57.0166
57.0166
57.0166
57.0166
57.0166
57.0166
57.0166
57.0166
57.0166
57.0166
57.0166
57.0166
57.0166
57.0166
57.0166
57.0166
57.0166
57.0166
57.0166
57.0166
57.0166
57.0166
57.0166
57.0166
57.0166
57.0166
57.0166
57.0166
57.0166
57.0166
57.0166
57.0166
57.0166
57.0166
57.0166
57.0166
57.0166
57.0166
57.0166
56.9102
56.9102
56.9102
56.9102
56.9102
56.9102
56.9102
56.9102
56.9102
56.9102
56.9102
56.9102
56.9102
56.9102
56.9102
56.9102
56.9102
56.9102
56.9102
56.9102
56.9102
56.9102
56.9102
56.9102
56.9102
56.9102
56.9102
56.9102
56.9102
56.9102
56.9102
56.9102
56.9102
56.9102
56.9102
56.9102
56.9102
56.9102
56.9102
56.9102
56.9102
56.9102
56.9102
56.9102
56.9102
56.9102
56.9102
56.9102
56.9102
56.9102
56.9102
56.9102
56.9102
56.9102
56.9102
56.9102
56.9102
56.9102
56.9102
56.9102
56.9102
56.9102
56.9102
56.9102
56.9102
56.9102
56.9102
56.9102
56.9102
56.9102
56.9102
56.9102
56.9102
56.9102
56.9102
56.9102
56.9102
56.9102
56.9102
56.9102
56.9102
56.9102
56.9102
56.9102
56.9102
56.9102
56.9102
56.9102
56.9102
56.9102
56.9102
56.9102
56.9102
56.9102
56.9102
56.9102
56.9102
56.9102
56.9102
56.9102
56.9102
56.9102
56.9102
56.9102
56.9102
56.9102
56.9102
56.9102
56.9102
56.9102
56.9102
56.9102
56.9102
56.9102
56.9102
56.9102
56.9102
56.9102
56.9102
56.9102
56.9102
56.9102
56.9102
56.9102
56.9102
56.9102
56.9102
56.9102
56.9102
56.9102
56.9102
56.9102
56.9102
56.9102
56.9102
56.9102
56.9102
56.9102
56.9102
56.9102
56.9102
56.9102
56.9102
56.9102
56.9102
56.9102
56.9102
56.9102
56.9102
56.9102
56.4199
56.4199
56.4199
56.4199
56.4199
56.4199
56.4199
56.4199
56.4199
56.4199
56.4199
56.4199
56.4199
56.4199
56.4199
56.4199
56.4199
56.4199
56.4199
56.4199
56.4199
56.4199
56.4199
56.4199
56.4199
56.4199
56.4199
56.4199
56.4199
56.4199
56.4199
56.4199
56.4199
56.4199
56.4199
56.4199
56.4199
56.4199
56.4199
56.4199
56.4199
56.4199
56.4199
56.4199
56.4199
56.4199
56.4199
56.4199
56.4199
56.4199
56.4199
56.4199
56.4199
56.4199
56.4199
56.4199
56.4199
56.4199
56.4199
56.4199
56.4199
56.4199
56.4199
56.4199
56.4199
56.4199
56.4199
56.4199
56.4199
56.4199
56.4199
56.4199
56.4199
56.4199
56.4199
56.4199
56.4199
56.4199
56.4199
56.4199
56.4199
56.4199
56.4199
56.4199
56.4199
56.4199
56.4199
56.4199
56.4199
56.4199
56.4199
56.4199
56.4199
56.4199
56.4199
56.4199
56.4199
56.4199
56.4199
56.4199
56.4199
56.4199
56.4199
56.4199
56.4199
56.4199
56.4199
56.4199
56.4199
56.4199
56.4199
56.4199
56.4199
56.4199
56.4199
56.4199
56.4199
56.4199
56.4199
56.4199
56.4199
56.4199
56.4199
56.4199
56.4199
56.4199
56.4199
56.4199
56.4199
56.4199
56.4199
56.4199
56.4199
56.4199
56.4199
56.4199
56.4199
56.4199
56.4199
56.4199
56.4199
56.4199
56.4199
56.4199
56.2378
56.2378
56.2378
56.2378
56.2378
56.2378
56.2378
56.2378
56.2378
56.2378
56.2378
56.2378
56.2378
56.2378
56.2378
56.2378
56.2378
56.2378
56.2378
56.2378
56.2378
56.2378
56.2378
56.2378
56.2378
56.2378
56.2378
56.2378
56.2378
56.2378
56.2378
56.2378
56.2378
56.2378
56.2378
56.2378
56.2378
56.2378
56.2378
56.2378
56.2378
56.2378
56.2378
56.2378
56.2378
56.2378
56.2378
56.2378
56.2378
56.2378
56.2378
56.2378
56.2378
56.2378
56.2378
56.2378
55.5701
55.5701
55.5701
55.5701
55.5701
55.5701
55.5701
55.5701
55.5701
55.5701
55.5701
55.5701
55.5701
55.5701
55.5701
55.5701
55.5701
55.5701
55.5701
55.5701
55.5701
55.5701
55.5701
55.5701
55.5701
55.5701
55.5701
55.5701
55.5701
55.5701
55.5701
55.5701
55.5701
55.5701
55.5701
55.5701
55.5701
55.5701
55.5701
55.5701
55.5701
55.5701
55.5701
55.5701
55.5701
55.5701
55.5701
55.5701
55.5701
