2374.58
2340.42
2275.98
2229.67
2132.77
2131.1
2091.94
2035.46
2005.6
1990.64
1968.16
1903.61
1883.94
1861.71
1860.45
1777.97
1777.97
1759.59
1627.53
1627.11
1607.81
1587.05
1566.13
1563.51
1543.81
1528.07
1528.07
1524.49
1479.76
1479.76
1389.96
1389.96
1387.98
1376.04
1369.8
1363.92
1357.07
1341.28
1322.28
1298.73
1298.73
1269.18
1223.31
1223.31
1222.03
1203.92
1193.43
1169.45
1169.45
1164.54
1162.82
1157.5
1127.77
1110.33
1110.33
1110.33
1088.5
1070.76
1070.76
1061.17
1050.58
1030.2
1030.2
1030.2
1029.76
1021.06
1005.71
1005.71
994.68
994.035
965.742
965.742
942.16
942.16
921.506
921.506
921.506
914.025
869.728
869.728
854.659
853.373
853.373
841.415
835.702
830.166
830.166
830.166
813.22
811.72
791.497
791.497
791.497
778.25
774.486
774.486
767.749
765.963
765.963
762.139
759.067
759.067
755.957
751.58
736.52
736.52
726.89
726.89
726.89
721.992
721.992
721.992
720.434
711.408
711.408
711.408
702.921
696.319
696.319
696.319
681.907
681.907
663.234
654.417
654.417
652.216
650.598
647.734
647.734
642.492
637.498
637.498
637.067
608.238
608.238
603.933
603.933
603.933
603.91
584.91
580.554
580.554
554.892
554.892
554.892
552.369
552.369
548.197
545.761
536.107
536.107
536.107
534.603
531.997
531.997
528.755
528.755
527.682
526.279
526.279
520.585
520.585
506.705
506.705
496.846
496.846
489.196
489.196
477.468
477.468
477.468
474.591
471.961
471.499
471.499
471.499
464.19
464.19
456.686
456.686
456.686
453.113
453.113
450.597
450.597
448.592
438.131
438.131
436.6
435.775
435.775
427.798
427.798
427.492
424.043
421.668
421.668
421.668
419.842
419.842
415.643
412.184
412.184
412.184
412.1
411.884
411.884
404.819
404.819
404.819
403.839
403.839
403.839
397.395
397.395
397.395
397.395
393.029
393.029
389.547
389.547
389.37
388.658
386.931
386.399
384.609
384.609
384.567
372.816
372.816
370.192
366.681
366.681
366.681
365.923
365.923
364.368
361.185
361.185
361.185
358.903
355.293
354.533
354.533
352.827
352.827
352.827
352.827
351.929
346.216
346.216
342.597
342.597
342.597
342.597
325.774
325.774
325.774
324.449
323.855
323.855
322.897
322.897
322.137
322.137
321.239
321.239
316.986
315.053
314.219
314.219
314.219
314.219
313.454
313.454
313.454
313.454
312.465
312.194
312.194
312.194
309.333
308.592
308.592
307.112
307.112
307.112
307.112
307.112
301.083
301.083
301.083
299.419
299.419
299.419
299.419
299.419
299.419
297.592
274.136
274.136
273.129
272.057
271.404
271.197
271.147
271.147
267.618
267.618
267.618
267.067
265.791
257.716
257.716
257.716
254.638
254.362
254.362
251.271
251.271
250.704
250.704
250.704
249.441
249.441
249.441
249.441
249.441
249.441
248.977
248.977
248.775
248.775
248.775
248.775
246.912
246.912
246.912
241.032
241.032
241.032
241.032
240.381
240.381
240.381
238.865
237.84
237.84
237.572
236.627
235.917
235.917
235.917
235.733
234.33
234.33
234.33
234.33
234.33
234.224
234.224
234.224
233.786
229.854
229.854
228.807
228.807
228.807
227.749
227.749
227.749
227.749
227.247
226.338
226.338
226.338
226.338
226.338
225.867
225.867
225.344
225.344
225.344
225.107
221.854
221.854
221.854
221.854
220.162
220.162
220.162
220.162
218.19
218.19
218.19
218.19
214.874
214.874
214.874
213.436
207.586
207.586
207.586
206.788
206.788
206.218
206.135
206.135
206.135
205.414
205.414
205.414
204.539
204.539
204.539
204.539
204.539
204.539
203.904
203.904
194.651
194.651
194.651
194.063
194.063
194.063
193.601
193.601
193.413
191.694
191.694
189.24
187.377
187.377
187.377
186.144
186.144
186.144
186.144
184.706
184.706
184.003
184.003
183.532
181.455
181.455
181.455
181.455
180.309
180.309
180.309
180.212
180.212
180.203
180.203
180.203
180.203
179.616
179.616
179.616
179.616
179.616
179.616
177.636
177.636
177.636
177.636
177.636
177.636
177.636
177.636
172.813
172.813
172.813
168.427
168.427
167.555
167.555
167.555
166.67
166.67
166.387
166.387
166.387
166.387
166.211
166.211
166.211
166.145
166.145
166.145
166.145
166.145
165.319
164.832
164.832
164.832
164.832
164.832
164.832
164.832
164.832
164.556
164.556
164.556
164.556
164.556
164.556
164.556
162.206
162.206
162.206
162.206
162.206
162.206
162.206
162.206
162.206
162.206
162.206
162.206
161.091
160.699
160.699
160.699
160.699
160.699
155.904
155.904
155.904
155.904
155.904
155.904
155.904
155.904
155.904
155.904
155.904
155.904
155.904
155.904
153.346
153.346
153.346
153.346
153.346
153.346
153.346
153.346
153.346
152.859
152.859
152.859
152.859
152.859
152.859
152.859
152.859
152.859
152.859
152.859
152.859
152.859
152.859
152.859
152.859
152.859
152.446
152.446
152.446
152.446
152.446
152.446
152.446
152.446
152.446
152.446
151.457
151.457
151.457
151.457
150.9
150.9
150.9
150.9
150.9
150.9
146.171
145.72
145.72
145.72
145.72
145.72
145.72
145.72
145.72
141.214
141.214
141.214
141.214
141.214
141.214
141.214
141.214
141.214
139.677
139.677
139.677
139.677
139.677
139.677
139.677
139.677
139.677
137.594
137.594
137.594
136.047
136.047
136.047
136.047
136.047
135.035
135.035
135.035
135.035
134.256
134.256
134.256
134.113
134.113
134.113
134.113
134.113
133.804
133.796
133.796
133.796
133.511
133.511
133.511
133.511
130.653
130.653
130.653
130.653
130.653
130.174
130.174
130.174
130.174
130.174
130.174
130.174
130.035
130.035
129.889
129.889
129.889
129.889
128.756
128.756
128.756
128.756
128.756
128.756
128.756
128.756
128.756
128.756
128.446
128.446
128.446
127.242
127.242
127.242
127.242
127.242
127.242
126.929
126.871
126.581
126.581
126.581
126.581
126.581
125.971
125.971
125.971
125.971
125.971
125.658
125.658
125.504
125.504
125.504
125.504
125.504
125.504
125.504
125.504
125.504
125.504
125.504
125.504
125.504
125.504
125.504
125.504
125.504
125.191
125.191
125.191
125.191
125.191
125.191
125.177
125.177
125.177
125.177
125.177
125.177
124.137
124.137
124.137
124.137
124.137
124.137
124.137
124.137
124.137
124.137
123.824
123.821
123.821
123.821
123.821
123.821
123.821
123.821
123.821
122.985
122.985
122.985
122.985
122.985
122.985
122.985
122.985
122.985
122.985
122.985
122.985
122.985
122.985
122.985
122.985
122.985
122.727
122.727
122.727
122.727
122.727
122.727
122.727
122.727
122.727
122.727
122.727
122.727
122.727
122.727
122.727
122.727
122.727
122.614
122.614
122.614
122.614
122.614
122.614
122.614
122.328
122.328
121.958
121.958
121.958
121.958
121.958
121.958
121.958
121.958
121.958
121.958
121.958
121.85
121.85
121.85
121.85
121.85
121.85
121.85
121.85
121.85
121.85
121.85
121.85
121.85
121.85
121.85
121.562
121.562
121.562
121.562
121.112
121.112
121.112
121.112
121.112
121.112
121.112
121.112
121.112
121.112
121.112
121.112
120.785
120.785
120.785
120.785
120.785
120.785
120.785
119.951
119.951
119.951
119.951
119.951
119.951
119.81
119.81
119.81
119.81
119.81
119.81
119.81
119.81
119.81
119.81
119.81
119.81
119.81
119.81
119.81
119.81
119.497
119.497
118.842
118.842
118.842
118.842
118.842
118.842
118.842
118.842
118.842
118.842
118.842
118.842
118.842
118.842
118.842
118.842
118.842
118.842
118.842
118.842
117.741
117.741
117.372
117.372
117.372
117.372
117.372
117.372
117.372
117.372
117.372
117.372
117.372
116.98
116.98
116.98
116.98
116.57
116.57
116.57
116.57
116.57
116.014
116.014
116.014
116.014
116.014
114.95
114.95
114.95
114.95
114.95
114.95
114.748
114.748
114.748
114.748
114.748
114.748
114.748
114.527
114.527
114.527
114.527
114.527
114.527
114.527
114.527
114.527
114.527
114.527
114.527
114.527
114.527
114.527
114.527
114.527
114.527
114.527
114.527
114.527
114.527
113.353
113.353
113.353
113.353
113.353
113.307
113.307
113.307
113.307
113.307
113.307
113.307
112.78
112.78
111.553
111.553
111.553
111.553
111.553
111.553
111.553
111.553
111.553
111.553
111.553
111.553
111.553
111.553
111.553
111.553
111.553
111.553
111.553
111.553
111.553
111.553
111.553
111.553
111.553
111.553
111.553
111.553
111.553
111.553
111.553
111.553
110.855
110.855
110.855
110.855
110.855
110.855
110.855
110.855
110.855
110.855
110.855
110.855
110.855
110.855
110.855
110.855
110.855
110.855
110.855
110.855
110.855
110.855
110.698
110.698
110.698
110.698
110.698
110.698
110.698
110.698
110.657
110.657
110.657
110.657
110.657
110.657
110.657
110.657
110.657
110.657
110.657
110.657
110.657
110.657
110.657
110.657
110.657
110.657
110.657
110.657
110.657
110.657
110.657
110.657
110.657
110.657
110.657
110.657
110.657
110.657
110.657
110.657
110.657
110.657
110.657
110.657
110.657
110.657
110.657
110.657
110.657
110.657
110.657
110.657
110.657
110.657
110.657
110.657
110.657
110.657
110.657
110.657
110.657
110.657
110.657
110.657
110.657
110.657
110.657
110.517
110.517
110.517
110.517
110.517
110.517
110.517
110.517
109.97
109.97
109.97
109.749
109.749
109.749
109.749
109.749
109.749
109.749
109.749
109.749
109.749
109.749
109.749
109.749
109.749
109.749
109.749
109.749
109.749
109.749
109.749
109.749
109.749
109.749
109.749
109.749
109.749
109.749
109.749
109.749
109.749
109.749
109.749
109.749
109.749
109.749
109.749
109.749
109.749
109.749
109.749
109.749
109.749
109.749
109.749
109.749
109.749
109.749
109.749
109.749
109.749
109.749
109.749
109.749
109.749
109.749
109.749
108.874
108.874
108.874
108.874
108.874
108.874
108.874
108.874
108.874
108.874
108.874
108.874
108.874
108.874
108.874
108.874
108.874
108.874
108.874
108.874
108.874
108.874
108.874
108.874
108.874
108.874
108.874
108.874
108.874
108.874
108.874
108.874
108.874
108.874
108.874
108.874
108.874
108.874
108.874
108.874
108.874
108.874
108.874
108.874
108.874
108.874
108.874
108.874
108.874
108.874
108.874
108.874
108.874
108.874
108.874
108.874
108.874
108.874
108.874
108.874
108.874
108.874
108.874
108.874
108.874
108.874
108.874
108.874
108.874
108.874
108.874
108.874
108.874
108.874
108.874
108.874
108.874
108.874
108.874
108.874
108.874
108.874
108.874
108.874
108.874
108.874
108.874
108.874
108.874
108.874
108.874
108.874
108.874
108.874
108.874
108.874
108.874
108.874
108.874
107.822
107.822
107.822
107.822
107.822
107.822
107.822
107.822
107.822
107.822
107.822
107.822
107.822
107.822
107.822
107.822
107.822
107.822
107.822
107.822
107.822
107.822
107.822
107.822
107.822
107.822
107.822
107.822
107.557
107.557
107.557
107.557
107.557
107.557
107.557
107.557
107.1
107.1
107.1
107.1
107.1
107.1
107.1
107.1
107.1
107.1
107.1
107.1
107.1
107.1
107.1
107.1
107.1
107.1
107.1
107.1
107.1
107.1
107.1
107.1
107.1
107.1
107.1
107.1
107.1
107.1
107.1
107.1
107.1
107.1
107.1
107.1
107.1
107.1
107.1
107.1
107.1
107.1
107.1
107.1
107.1
107.1
107.1
107.1
107.1
107.1
107.1
107.1
107.1
107.1
107.1
107.1
107.1
107.1
107.1
107.1
107.1
107.1
107.1
107.1
107.1
107.1
107.1
107.1
107.1
107.1
107.1
107.1
107.1
107.1
107.1
107.1
107.1
107.1
106.332
106.332
106.332
106.332
106.332
106.332
106.332
106.332
106.252
106.252
106.252
106.252
106.252
106.252
106.252
106.252
105.766
105.766
105.766
105.766
105.766
105.766
105.766
105.766
105.766
105.766
105.766
105.766
105.766
105.766
105.766
105.766
105.766
105.766
105.766
105.766
105.766
105.766
105.766
105.766
105.766
105.766
105.766
105.766
105.766
105.766
105.766
105.766
105.766
105.766
105.766
105.766
105.766
105.766
105.766
105.766
105.766
105.766
105.766
105.766
105.766
105.428
104.947
104.947
104.947
104.947
104.947
104.61
104.61
104.054
104.054
104.054
104.054
104.054
104.054
104.054
104.054
104.054
104.054
104.054
104.054
104.054
104.054
104.054
104.054
104.054
104.054
104.054
103.236
103.236
103.236
103.236
103.236
103.236
103.236
103.236
103.236
103.236
103.236
103.236
103.236
103.236
103.236
103.236
103.236
103.236
103.236
103.236
103.236
103.236
103.236
103.236
103.236
103.236
103.236
103.236
103.236
103.236
103.236
102.826
102.826
102.826
102.826
102.826
102.826
102.826
102.826
102.826
102.345
102.345
102.345
102.345
102.345
102.345
102.345
102.345
102.345
102.345
102.345
102.345
102.345
102.345
102.345
102.345
102.345
102.345
102.345
102.345
102.345
102.345
102.345
102.345
102.345
102.345
102.345
102.345
102.345
102.345
102.345
102.345
102.345
102.345
102.345
102.345
102.345
102.345
102.345
102.345
102.345
102.345
102.345
102.345
102.345
102.345
102.345
102.345
102.345
102.345
102.345
102.345
102.345
102.345
102.345
102.345
102.345
102.345
102.345
102.345
102.345
102.345
102.345
102.345
102.345
102.345
102.345
102.345
102.345
102.345
102.345
102.345
102.345
102.345
102.345
102.345
102.345
102.212
102.212
102.212
102.212
102.212
102.212
102.212
102.212
102.212
102.212
102.212
102.212
102.212
102.212
102.212
102.212
102.212
102.212
102.212
102.212
102.212
102.212
102.212
102.212
102.212
102.212
102.212
102.212
102.212
102.212
102.212
102.212
102.212
102.212
102.212
102.212
102.212
102.212
102.212
102.212
102.212
102.212
102.212
102.212
102.212
102.212
102.212
102.212
102.212
102.212
102.212
102.212
102.212
102.212
102.212
102.212
102.212
102.212
102.212
102.212
102.212
102.212
102.212
102.212
102.212
102.212
102.212
102.212
102.212
102.212
102.212
102.212
102.212
102.212
102.212
102.212
102.212
102.212
102.212
102.212
102.212
102.212
102.212
102.212
102.212
102.212
102.212
102.212
102.212
102.212
102.212
102.212
102.212
102.212
102.212
102.212
102.15
102.15
102.15
102.15
102.15
102.15
102.15
102.15
102.15
102.15
102.15
102.15
102.15
102.15
102.15
102.15
102.15
102.15
102.15
102.15
102.15
102.15
102.15
102.15
102.15
102.15
102.15
102.15
101.876
101.876
101.876
101.876
101.876
101.876
101.876
101.876
101.876
101.876
101.876
101.876
101.876
101.876
101.483
101.483
101.483
101.483
101.483
101.483
101.483
101.483
101.483
101.483
101.483
101.483
101.483
101.483
101.483
101.483
101.483
101.483
101.483
101.483
101.483
101.483
101.483
101.483
101.483
101.483
101.483
101.483
101.483
101.483
101.483
101.483
101.483
101.483
101.483
101.483
101.483
101.483
101.483
101.483
101.483
101.483
101.483
101.483
101.483
101.483
101.483
101.483
101.483
101.483
101.483
101.483
101.483
101.483
101.483
101.483
101.483
101.483
101.483
101.483
101.483
101.483
101.483
101.483
101.483
101.483
101.483
101.483
101.483
101.483
101.483
101.483
101.483
101.483
101.483
101.483
101.483
101.483
101.483
101.483
101.483
101.483
101.483
101.483
101.483
101.483
101.483
101.483
101.483
101.483
101.483
101.483
101.483
101.483
101.483
101.483
101.483
101.483
101.483
101.483
101.483
101.483
101.483
101.483
101.483
101.483
101.483
100.279
100.279
100.279
100.279
100.279
100.279
100.279
100.279
100.279
100.279
100.279
100.279
100.279
100.279
100.279
100.279
100.279
100.279
100.279
100.279
100.279
100.279
100.279
100.279
100.279
100.279
100.279
100.279
100.279
100.279
100.279
100.279
100.279
100.279
100.279
100.279
100.279
100.279
100.279
100.279
100.279
100.279
100.279
100.279
100.279
100.279
100.279
100.279
100.279
100.279
100.279
100.279
100.279
100.279
100.279
100.279
100.279
100.279
100.279
100.279
100.279
100.279
100.279
100.279
100.279
100.279
100.279
100.279
100.279
100.279
100.279
100.279
100.279
100.279
100.279
100.279
100.279
100.279
100.279
100.279
100.279
100.279
100.279
100.279
100.279
100.279
100.279
100.279
100.279
100.279
100.279
100.279
100.279
100.279
100.279
100.279
100.279
100.279
100.279
100.279
100.279
100.279
99.6472
99.6472
99.6472
99.6472
99.6472
99.6472
99.6472
99.6472
99.6472
99.6472
99.6472
99.6472
99.6472
99.6472
99.6472
99.1796
99.1796
99.1796
99.1796
99.1796
99.1796
99.1796
99.1796
99.1796
99.1796
99.1796
99.1796
99.1796
99.1796
99.1796
99.1796
99.1796
99.1796
99.1796
99.1796
99.1796
99.1796
99.1796
99.1796
99.1796
99.1796
99.1796
99.1796
99.1796
99.1796
99.1796
99.1796
99.1796
99.1796
99.1796
99.1796
99.1796
99.1796
99.1796
99.1796
99.1796
99.1796
99.1796
99.1796
99.1796
99.1796
99.1796
99.1796
99.1796
99.1796
99.1796
99.1796
99.1796
99.1796
99.1796
99.1796
99.1796
99.1796
99.1796
99.1796
99.1796
99.1796
99.1796
99.1796
99.1796
99.1796
99.1796
99.1796
99.1796
99.1796
99.1796
99.1796
99.1796
99.1796
99.1796
99.1796
99.1796
99.1796
99.1796
