2601.08
2539.83
2456.24
2379.33
2365.76
2281.18
2281.18
2244.76
2230.88
2143.79
2119.96
2111.84
2088.33
2030.58
1953.51
1947.77
1909.24
1897.66
1806.95
1760.05
1732.37
1723.59
1702.59
1654.13
1618.95
1567.62
1567.62
1541.52
1512.67
1496.37
1496.37
1450.86
1445.77
1417.03
1383.91
1383.91
1378.7
1370.4
1368.49
1339.42
1324.22
1324.22
1285.17
1285.17
1273.03
1255.78
1255.78
1233.68
1210.49
1210.49
1188.99
1173.68
1168.96
1168.96
1139.13
1123.05
1123.05
1123.05
1114.51
1068.44
1056.53
1051.65
1051.65
979.41
979.41
974.142
974.142
962.974
943.991
938.619
932.547
929.205
926.429
890.217
868.805
866.525
847.445
847.445
804.832
804.832
804.013
802.166
790.751
788.762
772.434
772.434
759.473
759.473
759.473
750.889
750.837
744.699
744.699
736.071
736.071
715.928
715.928
710.894
700.679
700.679
696.885
692.983
666.878
662.981
661.454
661.454
658.181
637.571
625.982
625.982
620.449
620.449
619.497
600.111
600.111
597.095
592.366
592.366
587.868
587.868
571.934
567.381
567.381
567.051
564.524
559.501
551.981
550.851
546.273
546.273
546.273
542.842
541.402
539.151
503.26
503.26
493.475
493.475
492.649
492.649
483.672
483.672
482.067
479.998
479.998
470.854
468.32
468.32
468.32
466.603
456.958
456.958
452.951
449.045
449.045
431.214
431.214
431.214
430.568
426.102
426.102
423.288
419.668
416.866
407.559
407.559
403.853
403.853
399.268
399.268
395.346
395.346
392.43
392.43
384.797
381.603
381.603
381.603
381.603
380.62
375.957
375.957
362.523
362.523
362.523
358.504
358.504
358.504
353.487
353.487
353.487
353.487
347.012
347.012
347.012
347.012
346.035
345.031
341.267
341.267
339.973
339.973
336.975
336.975
336.975
334.767
334.144
334.144
326.866
326.866
326.866
326.866
326.866
326.019
326.019
326.019
325.504
325.504
324.291
324.291
324.291
324.291
323.098
323.098
323.098
318.514
318.076
318.076
317.133
317.133
317.133
317.133
312.281
312.281
311.189
310.987
307.501
307.501
307.501
307.501
301.001
301.001
301.001
296.239
296.239
296.239
296.022
296.022
294.212
294.212
294.212
292.302
290.72
290.72
287.373
287.373
287.373
285.794
285.794
282.242
282.242
282.242
281.245
281.245
280.519
280.519
280.475
279.63
279.493
279.462
279.462
279.462
279.462
278.722
278.656
277.405
277.405
276.66
271.818
269.775
269.775
269.769
269.769
269.769
269.095
267.174
264.329
264.329
264.329
264.329
262.594
262.594
262.594
261.813
261.813
258.11
253.08
251.857
251.037
251.037
251.037
250.389
250.389
249.896
249.469
249.469
249.469
249.469
249.469
249.469
249.469
249.412
249.317
249.317
249.317
249.317
246.901
246.901
246.901
246.901
246.901
245.722
245.722
245.722
245.722
244.243
244.243
244.167
244.167
244.167
242.933
242.933
235.156
235.156
235.156
234.59
234.59
234.363
233.086
233.086
231.74
231.183
229.813
229.813
229.813
229.813
229.325
222.001
222.001
222.001
222.001
221.402
221.402
220.94
220.211
219.24
219.24
219.24
219.24
219.24
219.043
217.256
217.256
217.256
217.256
217.256
216.246
216.246
209.553
209.553
209.553
209.553
209.553
209.553
206.87
206.87
206.87
204.762
201.928
201.928
200.317
200.317
200.317
200.317
199.526
199.247
195.675
195.675
195.675
194.54
194.54
191.351
191.351
191.351
191.32
191.32
191.32
191.32
183.863
183.863
183.863
183.863
183.863
183.147
182.311
180.076
180.076
180.076
180.076
180.076
180.076
180.076
180.076
179.992
179.171
179.171
177.128
177.128
177.128
177.128
177.128
177.128
177.128
177.128
177.128
175.143
175.143
175.143
175.143
174.708
174.242
174.242
174.242
172.899
172.899
172.899
172.899
172.899
172.899
171.805
169.721
169.721
169.721
169.721
169.691
169.691
169.196
169.196
169.196
168.788
168.788
168.788
168.788
167.438
167.438
167.438
167.438
167.003
167.003
166.007
166.007
166.007
166.007
166.007
165.259
165.259
165.259
165.259
165.237
164.944
164.944
164.944
164.944
163.396
163.396
163.396
163.396
163.396
162.626
162.626
162.626
162.626
162.626
162.626
162.192
162.192
161.454
160.658
160.658
160.658
160.658
160.658
160.658
160.658
158.303
158.303
158.303
158.303
158.303
157.974
157.974
157.252
157.252
157.252
157.252
157.252
154.898
154.898
154.898
153.843
153.31
153.31
153.31
153.31
153.31
151.95
151.95
151.95
151.95
151.95
151.95
151.95
151.95
150.671
150.671
150.671
150.671
150.671
150.185
150.124
150.124
150.124
149.036
149.036
149.036
149.036
149.036
149.036
149.036
147.981
147.981
147.981
147.981
147.813
147.808
147.808
147.808
147.808
147.808
146.354
146.354
145.343
145.343
145.343
145.343
145.343
145.343
145.343
144.909
144.909
144.909
144.909
144.909
144.815
144.815
144.815
144.815
144.815
144.815
144.815
144.815
144.815
144.815
144.815
144.815
144.815
144.405
144.405
144.405
144.405
144.166
144.166
143.66
143.66
143.66
143.66
143.66
143.66
143.66
143.66
143.66
143.66
143.66
143.66
143.66
143.66
143.66
143.66
143.66
143.401
143.401
143.401
143.401
143.401
143.401
143.401
143.401
143.199
143.199
143.199
143.199
143.199
142.652
140.66
140.66
140.66
140.66
140.367
140.367
140.367
140.367
137.737
137.737
137.737
137.737
137.737
136.873
136.873
136.873
136.873
136.873
136.873
136.873
136.173
136.173
136.173
136.173
136.173
135.97
135.97
135.97
135.97
135.97
135.97
135.97
135.97
135.97
135.97
135.97
135.97
135.97
135.97
135.97
131.319
131.319
131.319
131.319
131.319
131.253
131.253
131.253
131.253
131.253
131.253
131.253
131.253
128.872
128.872
128.872
128.872
128.872
128.872
128.872
128.872
128.872
128.872
128.872
128.872
128.872
127.34
127.34
127.34
127.34
127.34
127.34
127.34
127.005
127.005
127.005
127.005
127.005
126.06
126.06
126.06
126.06
126.06
124.729
124.368
124.368
124.308
124.308
124.308
124.084
121.618
121.618
121.618
121.618
121.618
121.618
113.483
113.483
113.483
113.483
113.483
113.483
113.483
113.483
113.483
113.483
113.483
113.483
113.483
113.483
113.115
113.115
113.115
109.678
109.678
108.869
108.869
108.869
108.869
108.869
104.4
104.4
104.4
104.4
104.4
104.4
102.639
102.639
102.639
102.639
102.639
102.639
102.639
102.639
102.392
102.392
102.392
102.392
102.392
102.392
101.917
101.917
101.917
101.917
101.917
101.917
101.917
101.917
101.917
101.917
101.91
101.91
101.132
101.132
101.132
101.132
101.132
101.132
101.132
99.9938
99.9938
99.9938
99.9938
99.9938
99.9938
99.9938
99.5876
98.5993
98.5993
98.5993
98.5993
98.5993
98.5993
98.5993
98.5993
97.7655
97.7655
97.7655
97.1087
97.081
97.081
97.081
97.081
97.081
97.081
96.9038
96.9038
96.9038
96.3284
96.3284
96.2404
96.2404
96.2404
96.2404
95.8059
95.8059
95.8059
95.2306
95.2306
95.2306
95.2306
95.2306
93.5651
93.5651
93.5651
93.2573
93.2573
93.2573
93.2573
93.2573
93.2573
93.2573
93.2573
93.2573
93.2573
93.2573
93.2573
93.1882
93.1882
93.1817
93.1817
93.1817
93.1817
93.1817
93.1817
93.1817
93.1817
92.3913
92.3913
92.3913
92.3913
92.3913
92.3913
92.3913
92.3913
91.4135
91.4135
91.4135
91.4135
91.4135
91.4135
91.4135
91.139
91.139
91.139
91.139
91.139
91.139
91.139
91.139
90.5919
90.5919
90.5919
90.5919
90.5919
90.5919
90.2519
90.2519
90.2519
90.2519
90.2519
90.211
90.211
90.211
90.211
90.211
89.9896
89.9896
89.9896
89.9896
89.9896
89.9896
89.9896
89.9896
89.9896
88.8386
88.8386
88.8386
88.8386
88.8386
88.8386
88.7773
88.7773
88.7773
87.5419
87.5419
87.5419
87.5419
87.5419
87.5419
87.3691
87.3691
87.3691
87.3691
87.3691
87.3691
86.9749
86.9749
86.8611
86.8611
86.8611
86.7037
86.7037
86.4098
86.4098
86.4098
86.4098
86.4098
86.4098
86.4098
86.4098
86.2524
86.2524
86.2524
85.1733
85.1733
85.1733
85.1733
85.1687
85.1687
85.1687
85.1687
85.1687
85.1687
85.1151
85.1151
85.1151
85.1151
85.1151
85.1151
85.1151
85.1151
85.1151
85.1151
85.1151
85.1151
85.1151
85.1151
85.1151
85.1151
85.1151
85.1151
85.1151
85.1151
85.1151
85.1151
85.1151
85.1151
85.1151
84.8139
84.8139
84.8139
84.8139
84.8139
84.6375
84.6375
84.6375
84.6375
84.6375
84.6375
84.6375
84.6375
84.6375
84.6375
84.6375
84.6375
84.6375
84.6375
84.6375
84.6375
84.6375
84.6375
84.6375
84.6375
84.6375
84.6375
84.6375
84.6375
84.6375
84.6375
84.6375
84.2449
84.2449
84.2449
84.2449
84.2449
84.2449
84.2449
84.2449
84.2449
83.8392
83.8392
83.8392
83.8392
83.8392
83.8392
83.8392
83.8392
83.8392
83.8392
83.8392
83.8392
83.8392
83.8392
83.8392
83.8392
83.8392
83.8392
83.8392
83.8392
83.8392
83.8392
83.8392
83.8392
83.8392
83.8392
83.8392
83.8392
83.8392
83.8392
83.8392
83.8392
83.8392
83.8392
83.8392
83.8392
83.8392
83.8392
83.8392
83.8392
83.8392
83.8392
83.8392
83.8392
83.8392
83.8392
83.8392
83.8392
83.8392
83.8392
83.8392
83.8392
83.8392
83.8392
83.8392
83.8392
83.8392
83.8392
83.8392
83.8392
83.8392
83.8392
83.8392
83.8392
83.8392
83.8392
83.8392
83.8392
83.8392
83.8392
83.8392
83.8392
83.8392
83.8392
83.8392
83.8392
83.8392
83.8392
83.8392
83.8392
83.8392
83.8392
83.8392
83.8392
83.8392
83.8392
83.8392
83.8392
83.8392
83.8392
83.8392
83.8392
83.8392
83.8392
83.8392
82.8444
82.8444
82.8444
82.8444
82.6747
82.6747
82.6747
82.6747
82.6747
82.6747
82.6747
82.6747
82.6747
82.6747
82.6747
82.6747
82.6747
82.6747
82.6747
82.6747
82.6747
82.6747
82.6747
82.6747
82.6747
82.6747
82.6747
82.6747
82.6747
82.6747
82.6747
82.6747
82.6747
82.6747
82.6747
82.6747
82.6747
82.6747
82.6747
82.6747
82.6747
82.6747
82.6747
82.6747
82.6747
82.6747
82.6747
82.6747
82.6747
82.6747
82.6747
82.6747
82.6747
82.6747
82.6747
82.6747
82.6747
82.514
82.514
82.514
82.514
82.514
82.514
82.514
82.514
82.514
82.514
82.514
82.514
82.514
82.514
82.514
82.514
82.514
82.514
82.514
82.514
82.514
82.514
82.514
82.514
82.514
82.514
82.514
82.514
82.514
82.514
82.514
82.514
82.514
82.514
82.514
82.514
82.514
82.514
82.514
82.514
82.514
82.514
82.514
82.514
82.514
82.514
82.514
82.514
82.514
82.514
82.514
82.514
82.514
82.514
82.514
82.514
82.514
82.514
82.514
82.514
82.514
82.514
82.514
82.514
82.514
82.514
82.514
82.514
82.514
82.514
82.514
82.514
82.514
82.514
82.514
82.2249
82.2249
82.2249
82.2249
82.2249
82.2249
77.1053
77.1053
77.1053
77.1053
77.1053
77.1053
77.1053
77.1053
77.1053
77.1053
77.1053
77.1053
77.1053
77.1053
77.1053
77.1053
77.1053
77.1053
77.1053
76.9972
76.9972
76.9972
76.9972
76.9972
76.9972
76.9972
76.9972
76.9972
76.9972
76.9972
76.9972
76.9972
76.9972
76.9972
76.9972
76.9972
76.9972
76.9972
76.9972
76.9972
76.9972
76.9972
76.9972
76.9972
76.9972
76.9972
76.9972
76.9972
76.9972
76.9972
76.9972
76.9972
76.9972
76.9972
76.9972
76.9972
76.9972
76.9972
76.9972
76.9972
76.9972
76.9972
76.9972
76.9972
76.9972
76.9972
76.9972
76.9972
76.9972
76.9972
76.9972
76.9972
76.9972
76.9972
76.9972
76.9972
76.9972
76.9972
76.9972
76.9972
76.9972
76.9972
76.9972
76.9972
76.9972
76.9972
76.9972
76.9972
76.9972
76.9972
76.9972
76.9972
76.9972
76.9972
76.9972
76.9972
76.9972
76.9972
76.9972
76.9972
76.9972
76.9972
65.8739
65.8739
65.8739
65.8739
65.8739
65.8739
65.8739
62.2298
62.2298
62.2298
62.2298
62.2298
62.2298
62.2298
62.2298
62.2298
62.2298
62.2298
62.2298
62.2298
62.2298
62.2298
62.2298
62.2298
62.2298
62.2298
62.2298
62.2298
62.2298
62.2298
62.2298
62.2298
62.2298
62.2298
62.2298
62.2298
62.2298
62.2298
62.2298
62.2298
62.2298
62.2298
62.2298
62.2298
62.2298
62.2298
62.2298
62.2298
62.2298
62.2298
62.2298
62.2298
62.2298
62.2298
62.2298
62.2298
62.2298
62.2298
62.2298
62.2298
62.2298
62.2298
62.2298
62.2298
62.2298
62.2298
62.2298
62.2298
62.2298
62.2298
62.2298
62.2298
62.2298
62.2298
62.2298
62.2298
62.2298
62.2298
62.2298
62.2298
62.2298
62.2298
62.2298
62.2298
62.2298
62.2298
62.2298
62.2298
62.2298
62.2298
62.2298
62.2298
62.2298
62.2298
62.2298
62.2298
62.2298
62.2298
62.2298
62.2298
62.2298
62.2298
62.2298
62.2298
62.2298
62.2298
62.2298
62.2298
62.2298
62.2298
62.2298
62.2298
62.2298
62.2298
62.2298
62.2298
62.2298
62.2298
62.2298
62.2298
62.2298
62.2298
62.2298
62.2298
62.2298
62.2298
62.2298
62.2298
62.2298
62.2298
62.2298
62.2298
61.4704
61.4704
61.4704
61.4704
61.347
61.347
61.347
61.347
61.347
61.347
61.347
61.347
61.347
61.347
61.347
61.347
59.3109
59.3109
59.3109
59.3109
59.3109
59.3109
59.3109
59.3109
59.3109
59.3109
59.3109
59.3109
59.3109
59.3109
59.3109
59.3109
59.3109
59.3109
59.3109
59.3109
59.3109
59.3109
59.3109
59.3109
59.3109
59.3109
59.3109
59.3109
59.3109
59.3109
59.3109
59.3109
59.3109
59.3109
59.3109
59.3109
59.3109
59.3109
59.3109
59.3109
59.3109
59.3109
59.3109
59.3109
59.3109
59.3109
59.3109
59.3109
59.3109
59.0626
59.0626
59.0626
59.0626
59.0626
59.0626
59.0626
59.0626
59.0626
59.0626
59.0626
59.0626
59.0626
59.0626
59.0626
59.0626
59.0626
59.0626
59.0626
59.0626
59.0626
59.0626
59.0626
59.0626
59.0626
59.0626
59.0626
59.0626
59.0626
59.0626
59.0626
59.0626
59.0626
59.0626
59.0626
59.0626
59.0626
59.0626
59.0626
59.0626
59.0626
59.0626
59.0626
59.0626
59.0626
59.0626
59.0626
59.0626
59.0626
59.0626
59.0626
59.0626
59.0626
59.0626
59.0626
59.0626
59.0626
59.0626
59.0626
59.0626
59.0626
57.8213
57.8213
57.8213
57.8213
57.8213
57.8213
57.8213
57.8213
57.8213
57.8213
57.8213
57.8213
57.8213
57.8213
57.8213
57.8213
57.8213
57.8213
57.8213
57.8213
57.8213
57.8213
57.8213
57.8213
57.8213
57.8213
57.8213
57.8213
57.8213
57.8213
57.8213
57.8213
57.8213
57.8213
57.8213
57.8213
57.8213
57.8213
57.8213
57.8213
57.8213
57.8213
57.8213
57.8213
57.5548
57.5548
57.5548
57.5548
57.5548
57.5548
57.5548
57.5548
57.5548
57.5548
57.5548
57.5548
57.5548
57.5548
57.5548
57.5548
57.5548
57.5548
57.5548
57.5548
57.5548
57.5548
57.5548
57.5548
57.5548
57.5548
57.5548
57.5548
57.5548
57.5548
57.5548
57.5548
57.5548
57.5548
57.5548
57.5548
57.5548
57.5548
57.5548
57.5548
57.5548
57.5548
57.5548
57.5548
57.5548
57.5548
57.5548
57.5548
57.5548
57.5548
57.5548
57.5548
57.5548
57.5548
57.5548
57.5548
57.5548
57.5548
57.5548
57.5548
57.5548
57.5548
57.5548
57.5548
57.5548
57.5548
57.5548
57.5548
57.5548
57.5548
57.5548
57.5548
57.5548
57.5548
57.5548
57.5548
57.5548
57.5548
57.5548
57.5548
57.5548
57.5548
57.5548
57.5548
57.5548
57.5548
57.5548
57.5548
57.5548
57.5548
57.5548
57.5548
57.5548
57.5548
57.5548
57.5548
57.5548
57.5548
57.5548
57.5548
57.5548
57.5548
57.5548
57.5548
57.5548
57.5548
57.5548
57.5548
57.5548
57.5548
57.5548
57.5548
57.5548
57.5548
57.5548
57.5548
57.5548
57.5548
57.5548
57.5548
57.5548
57.5548
57.5548
57.5548
57.5548
57.5548
57.5548
57.5548
57.5548
57.5548
57.5548
57.5548
57.5548
57.5548
57.5548
57.5548
57.5548
57.5548
57.5548
57.5548
57.5548
57.5548
57.5548
57.5548
57.5548
57.5548
57.5548
57.5548
57.5548
57.5548
57.5548
57.5548
57.5548
57.5548
57.5548
57.5548
57.5548
57.5548
57.5548
57.5548
57.5548
57.5548
57.5548
57.5548
57.5548
57.5548
57.5548
57.5548
57.5548
57.5548
57.5548
57.5548
57.5548
57.5548
57.5548
57.5548
57.5548
57.5548
57.5548
57.5548
57.5548
57.5548
57.5548
57.5548
57.5548
57.5548
57.5548
57.5548
57.5548
57.5548
57.5548
57.5548
57.5548
57.5548
57.5548
57.5548
57.5548
57.5548
57.5548
57.5548
57.5548
57.5548
57.5548
57.5548
57.5548
57.5548
57.5548
57.5548
57.5548
57.5548
57.5548
57.5548
57.5548
57.5548
57.5548
57.5548
57.5548
57.5548
57.5548
57.5548
57.5548
57.5548
57.5548
57.5548
57.5548
57.5548
57.5548
57.5548
57.5548
57.5548
57.5548
57.5548
57.5548
57.5548
57.5548
57.5548
57.5548
57.5548
57.5548
57.5548
57.5548
57.5548
57.5548
57.5548
57.5548
57.5548
57.5548
57.5548
57.5548
57.5548
57.5548
57.5548
57.5548
57.5548
57.5548
57.5548
57.5548
57.5548
57.5548
57.5548
57.5548
57.5548
57.5548
57.5548
57.5548
57.5548
57.5548
57.5548
57.5548
57.5548
57.5548
57.5548
57.5548
57.5548
57.5548
57.5548
57.5548
57.5548
57.5548
57.5548
57.5548
57.5548
57.5548
57.5548
57.5548
57.5548
57.5548
57.5548
57.2633
57.2633
57.2633
57.2633
57.2633
57.2633
57.2633
57.2633
57.2633
57.2633
57.2633
57.2633
57.2633
57.2633
57.2633
57.2633
57.2633
57.2633
57.2633
57.2633
57.2633
57.2633
57.2633
57.2633
57.2633
57.2633
57.2633
57.2633
57.2633
57.2633
57.2633
57.2633
57.2633
57.2633
57.2633
57.2633
57.2633
57.2633
57.2633
57.2633
57.2633
57.2633
57.2633
57.2633
57.2633
57.2633
57.2633
57.2633
57.2633
57.2633
57.2633
57.2633
57.2633
57.2633
57.2633
57.2633
57.2633
57.2633
57.2633
57.2633
57.2633
57.2633
57.2633
57.2633
57.2633
57.2633
57.2633
57.2633
57.2633
57.2633
57.2633
57.2633
