2298.06
2230.34
2161.4
2161.4
2122.88
2059.1
1966.28
1958.88
1954.47
1872.62
1830.15
1830.15
1807.22
1734.64
1734.64
1723.81
1670.24
1605.66
1605.66
1574.45
1546.09
1545.08
1460.16
1460.16
1445.4
1445.4
1377.02
1373.97
1355.65
1346.85
1299
1296.71
1280.17
1280.06
1265.79
1263.99
1247.17
1241.41
1241.41
1196.33
1196.33
1190.51
1162.11
1149.89
1138.2
1138.2
1124.2
1124.2
1111.22
1089.97
1077.57
1033.59
1033.59
1033.59
1008.41
1008.41
1008.24
993.893
993.893
993.893
971.262
971.262
965.089
959.557
948.017
934.789
934.789
920.877
909.954
893.97
893.97
882.79
872.164
867.338
867.338
860.907
842.779
839.967
838.837
835.534
812.708
812.708
804.197
804.197
786.618
786.618
781.481
781.481
765.199
763.172
749.023
749.023
730.068
726.055
726.055
725.025
705.933
700.146
691.257
691.257
691.257
668.948
664.869
664.869
653.243
653.243
653.243
652.255
645.951
638.6
629.247
625.813
618.606
618.606
598.922
598.922
598.922
595.585
587.909
587.909
587.909
565.843
565.843
565.843
557.049
554.857
549.438
541.956
534.612
534.612
530.695
517.673
517.673
512.356
512.356
495.447
495.447
482.662
478.709
469.418
469.418
467.875
458.836
458.836
458.836
453.371
451.106
440.381
440.381
438.706
438.706
438.125
438.125
432.073
430.868
407.388
407.388
404.009
403.78
398.68
398.68
398.68
389.429
389.429
382.888
382.888
382.21
382.21
380.175
376.651
376.651
371.846
371.846
361.745
361.745
357.919
357.919
354.464
354.464
354.464
348.394
344.34
344.34
344.34
344.34
343.819
337.013
337.013
330.745
327.263
327.263
323.905
323.905
323.905
321.682
321.682
321.682
318.702
318.702
311.249
311.249
310.82
310.82
310.82
310.82
284.277
284.277
284.277
284.277
279.465
279.465
275.953
273.042
269.251
269.251
269.251
267.798
267.798
262.932
262.932
262.932
262.932
262.333
261.158
255.381
255.381
255.381
246.137
246.137
246.137
230.203
230.203
229.999
221.043
221.043
219.236
219.236
219.236
215.349
215.349
215.202
213.397
205.189
205.189
205.189
204.454
204.454
203.547
203.547
201.544
201.544
190.27
190.27
190.27
187.074
187.074
187.074
183.318
182.154
182.154
182.154
182.154
182.154
181.998
180.107
178.453
178.453
178.453
178.453
177.488
177.488
177.488
177.488
177.488
174.171
174.171
174.041
172.569
172.569
172.569
172.429
171.554
167.995
167.995
167.995
167.995
167.995
167.339
166.922
166.922
166.922
166.922
166.922
165.862
165.862
158.693
158.693
158.693
158.693
158.201
157.314
157.314
157.314
157.19
157.046
157.046
156.204
156.204
156.204
156.204
155.907
155.549
155.549
155.549
155.236
155.236
155.229
153.843
153.843
153.843
153.843
153.843
153.843
153.808
153.493
151.601
151.601
151.601
151.601
151.601
151.086
150.466
150.466
146.473
146.473
146.473
146.473
146.296
146.296
146.296
146.296
146.296
146.296
146.296
146.296
146.296
146.296
145.021
145.021
144.021
144.021
144.021
144.021
143.936
143.936
143.936
143.82
143.82
142.705
141.523
141.523
141.523
141.523
140.284
140.284
140.247
140.247
140.247
138.491
138.491
137.836
137.836
137.836
137.836
137.246
137.01
137.01
137.01
136.544
136.544
136.544
136.19
136.19
136.19
136.19
135.904
135.904
135.904
135.904
135.904
131.499
131.499
131.499
131.499
131.488
131.488
131.488
130.909
130.909
130.909
130.909
130.909
130.309
129.923
129.923
129.923
129.923
129.923
129.923
129.906
129.763
129.763
129.415
129.415
129.415
129.415
129.415
127.999
127.999
127.999
127.999
126.825
126.825
125.371
125.371
125.371
125.141
125.141
125.141
125.141
124.997
124.997
124.997
124.33
124.33
124.33
121.695
121.695
121.695
121.695
121.695
121.695
121.695
121.695
120.194
120.194
119.993
119.993
119.977
119.977
119.977
119.977
119.977
116.096
116.096
116.096
115.057
115.057
115.057
115.057
115.057
115.057
115.057
115.057
114.966
114.382
114.382
114.382
114.382
114.382
114.382
113.973
111.456
111.456
111.456
111.456
111.456
111.456
111.456
111.456
111.456
111.456
111.426
111.426
111.426
111.283
109.129
109.129
109.129
109.129
106.207
106.207
106.207
106.207
106.207
106.207
106.207
106.207
106.207
105.346
105.346
105.346
105.346
105.346
105.346
105.346
104.243
104.243
104.099
104.099
103.917
103.917
103.791
103.6
103.307
103.307
102.992
102.992
102.308
102.308
102.308
102.302
102.302
102.302
101.953
101.953
100.496
100.496
100.496
100.496
100.496
100.496
100.496
100.496
100.496
100.496
100.496
100.496
100.496
100.496
98.4435
98.4435
97.7491
97.7491
97.7491
97.7491
97.7491
97.3174
97.3174
97.3174
96.8443
96.8443
96.8443
96.8443
96.8443
96.8443
96.8443
96.8443
96.8443
96.8443
96.8443
96.6849
96.6849
96.6849
96.6849
96.6849
96.6849
96.6849
96.6849
96.6849
96.4288
96.4288
96.4288
92.6541
92.6541
92.6541
92.6541
92.6541
92.6541
92.6541
92.6541
92.6541
92.6541
92.4767
92.4767
92.4767
92.4767
91.9469
91.9469
91.9469
91.9469
91.9469
91.9469
91.9469
91.9469
91.9469
91.9469
91.9469
91.9469
91.9469
91.9145
91.9145
91.9145
91.9145
91.9145
91.9145
91.9145
91.3461
88.5055
88.5055
88.5055
88.5055
88.5055
88.5055
88.5055
88.5055
88.5055
88.5055
88.5055
88.5055
88.5055
88.5055
88.5055
88.5055
88.5055
88.5055
87.9891
87.9891
87.9891
87.9891
87.9891
87.9891
87.9891
87.9891
87.9891
87.9891
86.8963
86.8963
86.8963
86.8963
86.5808
86.5808
86.5808
86.5808
86.5808
86.5808
86.2301
86.2301
86.2301
86.2301
86.2301
86.2301
86.2301
86.2301
86.2301
86.2301
86.1631
86.1631
86.1631
86.1631
86.1631
86.1631
86.1631
86.1631
84.6698
84.6698
84.6698
84.6698
84.6698
84.6698
84.6698
84.6698
84.6698
84.6698
84.6698
84.6698
84.6698
84.6698
84.6698
84.6698
84.6698
84.6698
84.6698
84.5577
80.6098
80.6098
80.6098
80.6098
80.5436
80.5436
80.5436
80.5436
80.5436
80.5436
80.5436
80.5436
80.5436
80.5436
80.5436
80.5436
80.5436
80.5436
80.5436
80.5436
80.067
80.067
80.067
80.067
80.067
80.067
80.067
80.067
79.7925
79.7925
79.7925
79.7925
79.7925
79.7925
79.7925
79.7925
79.7925
79.7925
79.7925
79.7256
79.7256
79.7256
79.7256
79.7256
79.7256
79.7256
79.7256
79.7256
79.7256
79.7256
79.7256
79.7256
79.7256
79.7256
79.7256
79.7256
79.6804
79.6804
79.4238
79.4238
79.4238
79.4238
79.4238
79.4238
79.4238
79.4238
79.4238
79.4238
78.9447
78.9447
78.9447
78.9447
78.9447
78.9447
78.9447
78.9447
78.9447
78.9447
78.9447
78.9447
78.9447
78.9447
78.9447
78.9447
78.9447
78.9447
78.9447
78.9447
78.9447
78.9447
78.9447
78.9447
78.9447
78.9447
78.9447
78.9447
78.9447
78.9447
78.9447
78.9447
78.9447
78.9447
78.8712
78.8712
78.8712
78.8712
78.8712
78.8712
78.8712
78.8712
78.8712
78.8712
78.8712
78.8712
78.8712
78.8712
78.8712
78.8712
78.8712
78.8712
78.8712
78.8712
78.8712
78.8712
78.8712
78.8712
78.8712
78.8712
78.8712
78.8712
78.8712
78.8712
78.8712
78.8712
78.8712
78.8712
78.8712
78.8712
78.8712
77.2064
77.2064
77.2064
77.2064
77.2064
77.2064
77.2064
77.2064
77.2064
77.2064
77.2064
77.2064
77.2064
77.2064
77.2064
77.2064
77.2064
77.2064
77.2064
77.2064
77.2064
77.2064
77.2064
77.2064
77.2064
77.2064
77.2064
77.2064
77.2064
77.2064
77.2064
76.8652
76.8652
76.8652
76.8652
76.8652
76.8652
76.5797
76.5797
76.5797
76.5797
76.3965
76.3965
76.3965
75.7505
75.7505
75.7505
75.7505
75.7505
75.7505
75.4667
75.4667
75.4667
75.4667
75.4667
75.4667
75.4667
75.4667
75.4667
75.4667
75.4667
75.4667
75.4667
75.4667
75.4667
75.4667
75.4667
75.4667
75.4667
75.4667
75.4667
75.4667
75.4667
75.4667
75.4667
75.4667
75.4667
75.4667
75.0249
75.0249
75.0249
75.0249
75.0249
75.0249
75.0249
75.0249
75.0249
75.0249
75.0249
75.0249
75.0249
75.0249
75.0249
75.0249
75.0249
75.0249
75.0249
75.0249
75.0249
75.0249
75.0249
75.0249
75.0249
75.0249
75.0249
75.0249
75.0249
75.0249
75.0249
75.0249
75.0249
75.0249
75.0249
75.0249
75.0249
75.0249
75.0249
75.0249
75.0249
75.0249
75.0249
75.0249
75.0249
75.0249
75.0249
75.0249
75.0249
75.0249
75.0249
75.0249
75.0249
75.0249
75.0249
75.0249
75.0249
75.0249
75.0249
75.0249
75.0249
75.0249
75.0249
75.0249
75.0249
75.0249
75.0249
75.0249
75.0249
75.0249
75.0249
75.0249
75.0249
75.0249
75.0249
75.0249
75.0249
75.0249
75.0249
75.0249
75.0249
75.0249
75.0249
75.0249
75.0249
75.0249
75.0249
75.0249
75.0249
75.0249
75.0249
75.0249
75.0249
75.0249
75.0249
75.0249
75.0249
75.0249
75.0249
75.0249
75.0249
75.0249
75.0249
75.0249
75.0249
75.0249
75.0249
75.0249
75.0249
75.0249
75.0249
74.6399
74.6399
74.6399
74.6399
74.6399
74.6399
74.6399
74.6399
74.6399
74.6399
74.6399
74.6399
74.6399
74.6399
74.6399
74.0911
74.0911
74.0911
74.0911
74.0911
74.0911
74.0911
74.0911
74.0911
74.0911
74.0911
73.417
73.417
73.417
73.417
73.417
73.417
73.417
73.3077
73.3077
73.3077
72.9915
72.9915
71.8577
71.8577
71.8577
71.8577
71.8577
71.8577
71.8577
71.8577
71.6146
71.6146
71.6146
71.6146
71.6146
71.6146
71.6146
71.6146
71.6146
71.6146
71.6146
71.6146
71.6146
71.6146
71.6146
71.6146
71.6146
71.6146
71.6146
71.6146
71.6146
71.6146
71.6146
71.6146
71.6146
71.3594
71.3594
71.3594
71.3594
71.3594
71.3594
71.3594
71.3594
71.3594
70.0945
70.0945
70.0945
70.0945
70.0945
70.0945
70.0945
70.0945
70.0945
70.0945
70.0945
70.0945
70.0945
70.0945
70.0945
70.0945
70.0945
70.0945
70.0945
70.0945
70.0945
70.0945
70.0945
70.0945
70.0945
69.8982
69.8982
69.8982
69.8982
69.8982
69.8982
69.8982
69.8982
69.8982
69.8982
69.4727
69.4727
69.4727
69.4727
69.4727
69.4727
69.4727
69.4727
69.4727
69.4727
69.4727
69.4727
69.4727
69.4727
69.4727
69.4727
69.4727
69.4727
69.4727
69.4727
69.4727
69.4727
69.4727
69.4727
69.4727
69.4727
69.4727
69.4727
69.4727
69.4727
69.4727
69.4727
69.4727
69.4727
69.4727
69.4727
69.4727
68.2403
68.2403
68.2403
68.2403
68.2403
68.2403
68.2403
68.2403
68.2403
68.2403
68.2403
68.2403
68.2403
68.2403
68.2403
68.2403
68.2403
68.2403
68.2403
68.2403
68.2403
68.2045
68.2045
68.2045
68.2045
68.2045
68.2045
68.2045
68.2045
68.2045
68.2045
68.2045
66.9313
66.9313
66.9313
66.9313
66.9313
66.9313
66.9313
66.9313
66.9313
66.9313
66.9313
66.9313
66.9313
66.9313
66.9313
66.9313
66.9313
66.9313
66.9313
66.9313
66.9313
66.9313
66.9313
66.9313
66.9313
66.9313
66.9313
66.9313
66.9313
66.9313
66.8627
66.8627
66.8627
66.8627
66.8627
66.208
66.208
66.208
66.208
66.208
66.208
66.208
66.208
66.208
66.208
66.208
66.208
66.208
66.208
66.208
66.208
66.208
66.208
66.208
66.208
66.208
66.208
66.208
66.208
66.208
66.208
65.3215
65.3215
65.3215
65.3215
65.3215
65.3215
65.3215
65.3215
65.3215
65.3215
65.3215
65.0786
65.0786
65.0786
65.0786
65.0786
65.0786
65.0786
65.0786
65.0786
65.0786
65.0786
65.0786
65.0786
65.0786
65.0786
65.0786
65.0682
65.0682
65.0682
65.0682
65.0682
65.0682
65.0682
64.9264
64.9264
64.9264
64.9264
64.9264
64.9264
64.9264
64.9264
64.9264
64.9264
64.9264
64.9264
64.9264
64.9264
64.9264
64.9264
64.9264
64.9264
63.9576
63.9576
63.9576
63.9576
63.9576
63.9576
63.9576
63.9576
63.9576
63.9576
63.9576
63.9576
63.9576
63.4844
63.4844
63.4844
63.4844
63.4844
63.4844
63.0156
63.0156
63.0156
63.0156
63.0156
63.0156
63.0156
63.0156
63.0156
63.0156
63.0156
63.0156
63.0156
63.0156
63.0156
63.0156
63.0156
63.0156
63.0156
63.0156
63.0156
63.0156
63.0156
63.0156
63.0156
63.0156
63.0156
63.0156
63.0156
63.0156
63.0156
63.0156
63.0156
63.0156
63.0156
63.0156
63.0156
63.0156
63.0156
63.0156
63.0156
63.0156
63.0156
63.0156
63.0156
63.0156
63.0156
63.0156
62.7269
62.7269
62.7269
62.7269
62.7269
62.7269
62.7269
62.7269
62.7269
62.7269
62.7269
62.7269
62.7269
62.7269
62.7269
62.7269
62.7269
62.7269
62.7269
62.7269
62.7269
62.7269
62.7269
62.7269
62.7269
62.5401
62.5401
62.5401
62.5401
62.5401
62.5401
62.5401
62.5401
62.5401
62.5401
62.5401
62.5401
62.5401
62.5401
62.5401
62.5401
62.5401
62.5401
62.5401
62.5401
62.5401
62.5401
62.5401
62.5401
62.5401
62.5401
62.5401
62.5401
62.5401
62.5401
62.5401
62.5401
62.5401
62.5401
62.5401
62.5401
62.5401
62.5401
62.5401
62.5401
62.5401
62.5401
62.5401
62.5401
62.5401
62.5401
62.5401
62.5401
62.5401
62.5401
62.5401
62.5401
62.5401
62.5401
62.5401
62.5401
62.5401
62.5401
62.5401
62.5401
62.5401
62.5401
62.5401
62.5401
62.5401
62.5401
62.5401
62.5401
62.5401
62.5401
62.5401
62.5401
62.5401
62.5401
62.5401
62.5401
62.5401
62.5401
62.5401
62.5401
62.5401
62.5401
62.5401
62.5401
62.5401
62.5401
62.5401
62.5401
62.5401
62.5401
62.5401
62.5401
62.5401
62.5401
62.5401
62.5401
62.5401
62.5401
62.5401
62.5401
62.5401
62.5401
62.5401
62.5401
62.5401
62.5401
62.5401
62.5401
62.5401
62.5401
62.5401
62.5401
62.5401
62.5401
62.5401
62.5401
62.5401
62.5401
62.5401
62.5401
62.5401
62.5401
62.5401
62.5401
62.5401
62.5299
62.5299
62.5299
62.5299
62.5299
62.5299
62.5299
62.5299
62.5299
62.5299
62.5299
62.5299
62.5299
62.5299
62.5299
62.5299
62.5299
62.5299
62.5299
62.5299
62.5299
62.5299
62.5299
62.5299
62.5299
62.5299
62.5299
62.5299
62.5299
62.5299
62.5299
62.5299
62.5299
62.5299
62.5299
62.5299
62.5299
62.5299
62.5299
62.5299
62.5299
62.5299
62.5299
62.5299
62.5299
62.5299
62.5299
62.5299
62.5299
62.5299
62.5299
62.5299
62.5299
62.3705
62.3705
62.3705
62.3705
62.3705
62.3705
62.3705
62.3705
62.3705
62.3705
62.3705
62.3705
62.3705
62.3705
62.3705
62.3705
62.3705
62.3705
62.3705
62.3705
62.3705
62.3705
62.3705
62.3705
62.3705
62.3705
62.3705
62.3705
62.3705
62.3705
62.3705
62.3705
62.3705
62.3705
62.3705
62.3705
62.3705
62.3705
62.3705
62.3705
62.3705
62.3705
62.3705
62.3705
62.3705
62.3705
62.3705
62.3705
62.3705
62.3705
62.3705
62.3705
62.3705
62.3705
62.3705
62.3705
62.3705
62.3705
62.3705
62.3705
62.3705
62.3705
62.3705
62.3705
62.3705
62.1299
62.1299
62.1299
62.1299
62.1299
62.1299
62.1299
62.1299
62.1299
62.1299
62.1299
62.1299
62.1299
62.1299
62.1299
62.1299
62.1299
62.1299
62.1299
62.1299
62.1299
62.1299
62.1299
62.1299
62.1299
62.1299
62.1299
62.1299
62.1299
62.1299
62.1299
62.1299
62.1299
62.1299
62.1299
62.1299
62.1299
62.1299
62.1299
62.1299
62.1299
62.1299
62.1299
62.1299
62.1299
62.1299
62.1299
62.1299
62.1299
62.1299
62.1299
62.1299
62.1299
62.1299
62.1299
62.1299
62.1299
62.1299
62.1299
62.1299
62.1299
62.1299
62.1299
62.1299
62.1299
62.1299
62.1299
62.1299
62.1299
62.1299
62.1299
62.1299
62.1299
62.1299
62.1299
62.1299
62.1299
62.1299
62.1299
62.1299
62.1299
62.1299
62.1299
62.1299
62.1299
62.1299
62.1299
62.1299
62.1299
62.1299
62.1299
62.1299
62.1299
62.1299
62.1299
62.1299
62.1299
62.1299
62.1299
62.1299
62.1299
62.1299
62.1299
62.1299
62.1299
62.1299
62.1299
62.1299
62.1299
62.1299
61.469
61.469
61.469
61.469
61.469
61.469
61.469
61.469
61.469
61.469
61.469
61.469
61.469
61.469
61.469
61.469
61.469
61.469
61.469
61.469
61.469
61.469
61.469
61.469
61.469
61.469
61.469
61.469
61.469
61.469
61.469
61.469
61.469
61.469
61.469
61.469
61.469
61.469
61.469
61.469
61.469
61.469
61.469
61.469
61.469
61.469
61.469
61.469
61.469
61.469
61.469
61.469
61.469
61.469
61.469
61.469
61.469
61.469
61.469
61.469
61.469
61.469
61.469
61.469
61.469
61.469
61.469
61.469
61.469
61.469
61.469
61.469
61.469
61.469
61.469
61.469
61.469
61.469
61.469
61.469
61.469
61.469
61.469
61.469
61.469
61.469
61.469
61.469
61.469
61.469
61.469
61.469
61.469
61.469
61.469
61.469
61.469
61.469
61.469
61.469
61.469
61.469
61.469
61.469
61.4238
61.4238
61.4238
61.4238
61.4238
61.4238
61.4238
61.4238
61.4238
61.4238
61.4238
61.4238
61.4238
61.4238
61.4238
61.4238
61.4238
61.4238
61.4238
61.4238
61.4238
61.4238
61.4238
61.4238
61.4238
61.4238
61.4238
61.4238
61.4238
61.4238
61.4238
61.4238
61.4238
61.4238
61.4238
61.4238
61.4238
61.4238
61.4238
61.4238
61.4238
61.4238
61.4238
61.4238
61.4238
61.4238
61.4238
61.4238
61.4238
61.4238
61.4238
61.4238
61.4238
61.4238
61.4238
61.4238
61.4238
61.4238
61.4238
61.4238
61.4238
61.4238
61.4238
61.4238
61.4238
61.4238
61.4238
61.4238
61.4238
61.4238
61.4238
61.4238
61.4238
61.4238
61.4238
61.4238
61.4238
61.4238
61.4238
61.4238
61.4238
61.4238
61.4238
61.4238
61.4238
61.4238
61.4238
61.4238
61.4238
61.4238
61.4238
61.4238
61.4238
61.4238
61.4238
61.4238
61.4238
61.4238
61.4238
61.4238
61.4238
61.4238
61.4238
61.4238
61.4238
61.4238
61.4238
61.4238
61.4238
61.4238
61.4238
61.4238
61.4238
61.4238
61.4238
61.4238
61.4238
61.4238
61.4238
61.4238
61.4238
61.4238
61.4238
61.3653
61.3653
61.3653
61.3653
61.3653
61.3653
61.3653
61.3653
61.3653
61.3653
61.3653
61.3653
61.3653
61.3653
61.3653
61.3653
61.3653
61.3653
61.3653
