2444.59
2433.12
2402.38
2394.18
2342.92
2331.81
2251.37
2228.73
2174.26
2141.98
2138.12
2132.36
2080.19
2003.69
1992.07
1942.26
1942.26
1918.1
1879.83
1875.45
1851.85
1835.58
1822.38
1709.05
1682.54
1674.23
1663.84
1661.07
1640.63
1568.16
1568.16
1548.93
1518.93
1518.93
1478.75
1478.75
1463.12
1463.12
1438.48
1395.47
1367.6
1367.6
1320.86
1316.34
1314.51
1284.6
1277.01
1269.26
1262.92
1262.92
1181.9
1126.13
1120.05
1092.93
1092.93
1071.89
1061.77
1061.77
1024.16
1024.16
1015.38
985.945
985.945
959.465
950.692
932.218
932.218
911.158
911.158
911.158
909.647
906.299
900.315
886.472
883.783
882.072
882.072
866.883
860.961
852.599
815.145
815.145
806.574
801.728
797.073
796.713
796.713
774.859
767.539
767.539
760.203
750.703
750.46
750.46
717.052
717.052
707.38
689.161
689.161
674.166
674.166
666.197
666.197
658.168
658.168
658.168
651.433
649.341
642.199
642.199
634.149
616.075
616.075
610.554
598.674
598.674
598.674
596.923
596.923
596.923
591.845
591.845
580.395
571.249
569.007
569.007
564.169
555.695
548.532
548.196
546.263
544.366
538.677
537.546
536.825
525.341
521.133
516.602
513.002
513.002
513.002
513.002
504.466
497.702
497.702
491.27
472.068
472.068
472.068
458.195
458.195
458.195
458.195
451.085
435.375
435.375
435.375
435.375
431.677
426.682
426.682
426.682
415.091
415.091
415.091
410.94
410.94
402.768
399.295
399.295
398.817
393.215
389.941
388.09
388.09
384.884
384.884
384.203
381.087
378.576
378.576
378.576
377.877
377.877
372.319
372.319
372.319
370.477
365.358
365.358
365.358
364.99
360.853
359.088
354.648
354.648
349.757
348.771
348.771
346.39
346.39
345.124
345.078
340.43
340.43
336.456
336.456
335.155
334.593
334.593
326.87
323.696
323.696
320.366
320.366
319.93
312.386
312.386
310.484
310.484
304.399
304.399
304.399
301.801
299.006
299.006
299.006
296.981
296.981
292.79
292.79
292.79
292.71
290.665
289.315
289.315
289.315
288.547
284.192
284.192
284.192
280.074
280.074
280.074
280.074
278.596
278.596
278.596
278.596
278.206
275.787
267.806
267.806
266.958
266.958
266.958
265.604
265.604
264.044
264.044
264.044
259.376
247.369
247.369
244.25
244.25
244.25
243.824
242.993
242.993
242.993
241.59
241.59
237.866
237.866
237.866
237.866
237.866
237.866
235.615
235.615
232.86
232.86
232.86
232.86
232.86
228.37
228.37
224.215
224.215
224.215
222.79
222.79
222.79
221.076
221.076
220.688
220.688
220.026
220.026
220.026
178.782
178.782
178.782
176.65
176.65
176.65
172.884
172.884
171.339
171.339
171.339
171.339
170.318
167.58
167.58
167.58
164.735
164.735
164.104
164.104
162.606
161.351
161.351
161.351
158.904
158.904
158.904
156.775
156.775
156.775
155.621
155.557
154.944
154.944
151.278
151.278
151.278
150.153
150.153
149.448
148.014
148.014
148.014
146.497
146.497
146.497
143.214
143.214
143.214
143.058
140.629
140.105
140.105
140.105
137.254
137.254
137.254
136.794
135.553
135.207
135.207
135.207
135.207
135.107
135.107
135.107
134.434
134.434
134.434
133.477
133.167
132.792
132.792
132.68
132.484
132.484
132.143
131.543
131.543
131.543
129.018
128.755
128.755
128.755
128.222
128.222
128.222
127.003
123.921
123.921
123.921
122.291
122.291
122.291
122.291
120.944
120.944
120.102
120.102
119.948
118.5
118.5
118.5
118.5
117.624
117.624
117.624
117.624
113.661
113.661
113.661
113.661
113.661
112.955
112.955
112.955
111.554
111.426
111.426
108.295
108.295
108.295
108.295
108.032
107.465
107.465
107.465
107.465
107.308
104.266
104.266
104.266
104.266
104.266
101.651
101.651
101.651
101.651
101.651
101.651
100.562
100.562
100.562
100.562
100.562
100.562
100.562
99.3007
99.3007
99.3007
98.5429
98.5429
98.5429
96.7903
96.7903
96.7903
96.7903
96.7903
96.7903
95.8006
95.8006
95.8006
95.8006
94.8978
94.8978
94.6937
94.6937
94.6937
94.6937
94.6937
94.5297
94.5297
94.5297
94.5297
93.2717
91.5826
91.5826
91.5826
91.5826
91.5826
89.6875
89.6875
89.6875
89.6875
89.6875
88.1332
88.1332
88.1332
88.1332
88.1332
88.1332
88.1332
88.1332
87.8529
87.8529
87.2304
87.2304
87.2304
87.2304
87.2304
87.0531
87.0531
87.0531
87.0531
87.0531
87.0531
87.0531
87.0531
87.0531
87.0531
86.1789
86.1789
86.1789
86.1789
85.7056
85.7056
85.7056
85.7056
85.7056
85.7056
85.7056
85.7056
85.3702
85.3702
85.3702
85.0614
85.0614
85.0614
85.0614
85.0614
85.0614
85.0614
85.0614
85.0614
83.7764
83.7764
83.7764
83.7764
83.7764
83.7764
83.7764
83.7764
83.7764
83.7465
83.7465
83.7465
83.7465
81.9258
81.9258
81.9258
81.9258
81.9258
81.9258
81.9258
81.9258
81.9258
81.9258
81.9258
81.9258
81.9258
81.9258
81.9258
81.658
81.658
81.658
81.658
81.658
81.2742
81.2742
81.2742
81.2742
81.2545
81.2545
81.2545
81.2545
81.2545
81.2545
81.2545
81.2545
81.2545
81.2545
81.2545
80.8617
80.8617
80.8617
80.3682
80.3682
79.4916
79.4916
79.4916
79.4916
79.4916
79.4916
79.4113
79.4113
79.4113
79.4113
79.4113
79.4113
78.6478
78.1674
78.1674
78.1674
78.1674
78.1674
78.1674
78.1674
78.1674
78.1674
77.9046
77.9046
77.9046
77.9046
77.9046
77.9046
77.7283
77.7283
77.7283
77.7283
77.5431
76.9527
76.9527
76.9527
76.9527
76.9527
76.9527
76.9527
76.9527
76.9527
76.9527
76.9527
76.9527
76.9527
76.9527
76.9527
76.5197
76.5197
76.5197
76.5197
76.5197
74.3502
74.3502
74.3502
74.3502
74.3502
74.3502
73.3498
73.3498
73.3498
73.3498
73.3498
73.3498
73.3498
73.3498
73.258
73.0698
73.0698
73.0698
73.0698
73.0698
73.0698
73.0698
73.0698
71.997
71.997
71.997
71.997
71.997
71.997
71.997
71.997
71.997
71.997
71.997
70.482
70.482
70.482
70.482
70.482
70.482
70.1266
70.1266
70.1266
70.1266
70.1266
70.1266
70.1266
70.1266
70.1266
70.1266
70.1266
70.1266
69.4172
69.4172
69.4172
69.4172
69.4172
69.4172
69.4172
69.4172
69.4172
69.4172
69.3831
69.3831
69.3831
69.247
69.247
69.247
69.247
69.247
69.247
69.247
69.247
69.247
69.247
69.247
69.247
69.247
69.247
69.247
69.247
69.247
69.247
69.247
69.247
69.247
69.247
69.247
69.247
69.247
69.247
69.247
69.2035
69.2035
69.2035
69.2035
69.2035
69.2035
69.2035
69.2035
69.2035
69.2035
69.2035
69.2035
69.2035
69.2035
69.2035
69.2035
69.2035
69.2035
69.2035
69.2035
69.2035
69.2035
69.2035
69.2035
67.0257
67.0257
67.0257
67.0257
67.0257
67.0257
67.0257
67.0257
67.0257
67.0257
67.0257
67.0257
67.0257
67.0257
67.0257
67.0257
67.0257
67.0257
67.0257
67.0257
67.0257
67.0257
67.0257
67.0257
67.0257
67.0257
67.0257
67.0257
67.0257
67.0257
67.0257
67.0257
67.0257
67.0257
67.0257
67.0257
66.756
66.756
66.756
66.1344
66.1344
66.1344
66.1344
66.1344
66.1344
66.1344
66.1344
66.0658
66.0658
66.0658
66.0658
66.0658
66.0658
66.0658
66.0658
66.0658
66.0658
66.0658
66.0658
66.0658
66.0658
66.0658
66.0658
66.0658
66.0658
66.0658
66.0658
66.0658
66.0658
66.0658
66.0658
66.0658
66.0658
66.0658
66.0658
66.0658
66.0658
66.0658
66.0658
66.0658
66.0658
66.0658
66.0658
66.0658
66.0658
66.0658
66.0658
66.0658
66.0658
66.0658
66.0658
66.0658
66.0658
66.0658
64.1812
64.1812
64.1812
64.1812
64.1812
64.1812
64.1812
64.1461
64.1461
63.5615
63.5615
63.5615
63.5615
63.5615
63.5615
63.5615
63.5615
63.5615
63.5615
63.5615
63.5615
63.5615
63.5615
63.5615
63.5615
63.5615
63.5615
63.5012
63.5012
63.5012
63.5012
63.5012
63.5012
63.5012
63.5012
63.5012
63.5012
63.5012
63.5012
63.5012
63.5012
63.5012
63.5012
63.5012
63.5012
63.5012
63.5012
63.5012
63.5012
63.0208
63.0208
63.0208
63.0208
63.0208
63.0208
63.0208
63.0208
63.0208
63.0208
63.0208
63.0208
63.0208
63.0208
63.0208
63.0208
63.0208
62.9849
62.9849
62.9198
62.9198
62.9198
62.9198
62.9198
62.9198
62.9198
62.9198
62.9198
62.9198
62.9198
62.9198
62.9198
62.9198
62.9198
62.9198
62.9198
62.9198
62.9198
62.9198
62.9198
62.9198
62.9198
62.9198
62.9198
62.9198
62.9198
62.9198
62.9198
62.9198
62.9198
62.9198
62.9198
62.9198
62.9198
62.9198
62.9198
62.9198
62.9198
62.9198
62.9198
62.9198
62.9198
62.9198
62.9198
62.9198
62.9198
62.9198
62.9198
62.9198
62.9198
62.9198
62.9198
62.9198
62.9198
62.9198
62.9198
62.9198
62.9198
62.9198
62.9198
62.9198
62.9198
62.9198
62.9198
61.6745
61.6745
61.6745
61.6745
61.6745
61.6745
61.6745
61.6745
61.6745
61.6745
61.6745
61.6745
61.6745
61.6745
61.6745
61.6745
61.6745
61.6745
61.6745
61.6745
61.6745
61.6745
61.6745
61.6745
61.6745
61.6745
61.6745
61.6745
61.6745
61.6745
61.6745
61.6745
61.6745
61.6745
61.6745
61.6745
61.6745
61.6745
61.6745
61.6745
61.6745
61.6745
61.6745
61.6745
61.6745
61.6745
61.6745
61.6745
61.6745
61.6745
61.6745
61.6745
61.6745
61.6745
61.6745
61.6745
61.6745
61.6745
61.6745
61.6745
61.6745
61.6745
61.6745
61.6745
61.6745
61.6745
61.6745
61.2892
61.2892
61.2892
61.2892
61.2892
61.2892
61.2892
61.2892
61.2892
61.2892
61.2892
61.2892
61.2892
61.2892
61.2892
61.2892
61.2892
61.2892
61.2892
61.2892
61.2892
61.2892
61.2892
61.0226
61.0226
61.0226
61.0226
61.0226
61.0226
61.0226
61.0226
61.0226
61.0226
61.0226
61.0226
61.0226
61.0226
61.0226
61.0226
61.0226
61.0226
61.0226
61.0226
61.0226
61.0226
61.0226
61.0226
61.0226
61.0226
61.0226
61.0226
61.0226
61.0226
61.0226
61.0226
61.0226
61.0226
61.0226
61.0226
61.0226
61.0226
61.0226
61.0226
61.0226
61.0226
61.0226
61.0226
61.0226
61.0226
61.0226
61.0226
61.0226
61.0226
61.0226
61.0226
61.0226
61.0226
61.0226
61.0226
61.0226
60.8918
60.8918
60.8918
60.2717
60.2717
60.2717
60.2717
60.2717
60.2717
60.2717
60.2717
60.2717
60.2717
60.2717
60.2717
60.2717
60.2717
60.2717
60.2717
60.2717
59.7955
59.7955
59.7955
59.7955
59.7955
59.7955
59.7955
59.7955
59.7955
59.7955
59.7955
59.7955
59.7955
59.7955
59.7955
59.7955
59.7955
59.7955
59.7955
59.7955
59.7955
59.7955
59.7955
59.7955
59.7955
59.7955
59.7955
59.7955
59.7955
59.7955
59.7955
59.7955
59.7955
59.7955
59.7955
59.7955
59.7955
59.7955
59.7955
59.7955
59.7955
59.7955
59.7955
59.7955
59.7955
59.7955
59.7955
59.7955
59.7955
59.7955
59.6258
59.6258
59.6258
59.6258
59.6258
59.6258
59.6258
59.6258
59.6258
59.6258
59.6258
59.6258
59.6258
59.6258
59.6258
59.6258
59.6258
59.6258
59.6258
59.6258
59.6258
59.6258
59.6258
59.6258
59.6258
59.6258
59.6258
59.6258
59.6258
59.6258
59.6258
59.6258
59.6258
59.6258
59.6258
59.6258
59.6258
59.6258
59.6258
59.6258
59.6258
59.6258
59.6258
59.6258
59.6258
59.6258
59.6258
59.6258
59.6258
59.6258
59.528
59.528
59.528
59.528
59.528
59.528
59.528
59.528
59.528
59.528
59.528
59.528
59.528
59.528
59.528
59.528
59.528
59.528
59.528
59.528
59.528
59.528
59.528
59.528
59.528
59.528
59.528
59.528
59.528
59.528
59.528
59.528
59.528
59.528
59.528
59.528
59.528
59.1914
59.1914
59.1914
59.1914
59.1914
59.1914
59.1914
59.1914
59.1914
58.7398
58.7398
58.7398
58.7398
58.7398
58.7398
58.7398
58.7398
58.7398
58.7398
58.7398
58.7398
58.7398
58.7398
58.7398
58.7398
58.7398
58.7398
58.7398
58.7371
58.7371
58.7371
58.7371
58.7371
58.7371
58.7371
58.7371
58.7371
58.7371
58.7371
58.7371
58.7371
58.7371
58.7371
58.7371
58.7371
58.7371
58.7371
58.7371
58.7371
58.7371
58.7371
58.7371
58.7371
58.7371
58.7371
58.7371
58.7371
58.7371
58.7371
58.7371
58.7371
58.7371
58.7371
58.7371
58.7371
58.7371
58.7371
58.7371
58.7371
58.7371
58.7371
58.7371
58.7371
58.7371
58.7371
58.7371
58.7371
58.7371
58.7371
58.7371
58.7371
58.7371
58.7371
58.7371
58.7371
58.7371
58.7371
58.7371
58.7371
58.7371
58.7371
58.7371
58.7371
58.7371
58.7371
58.7371
58.7371
58.7371
58.7371
58.7371
58.7371
58.7371
58.7371
58.7371
58.7371
58.7371
58.7371
58.7371
58.7371
58.7371
58.7371
58.7371
58.7371
58.7112
58.7112
58.7112
58.7112
58.7112
58.7112
58.7112
58.7112
58.7112
58.7112
58.7112
58.7112
58.7112
58.7112
58.7112
58.7112
58.7112
58.7112
58.7112
58.7112
58.7112
58.7112
58.7112
58.7112
58.7112
58.7112
58.7112
58.7112
58.7112
58.7112
58.7112
58.7112
58.7112
58.7112
58.7112
58.7112
58.7112
58.7112
58.7112
58.7112
58.7112
58.7112
58.7112
58.7112
58.7112
58.7112
58.7112
58.7112
58.7112
58.7112
58.5923
58.5923
58.5923
58.5923
58.5923
58.5923
58.5923
58.5923
58.5923
58.5923
58.5923
58.5923
58.5923
58.5923
58.5923
58.5923
58.5923
58.5923
58.5923
58.5923
58.5923
58.5923
58.5923
58.5923
58.5923
58.5923
58.5923
58.5923
58.5923
58.5923
58.5923
58.5923
58.5923
58.5923
58.5923
58.5923
58.5923
58.5923
58.5923
58.5923
58.5923
58.5923
58.5923
58.5923
58.5923
58.5923
58.5923
58.5923
58.5923
58.5923
58.5923
58.5923
58.5923
58.5923
58.5923
58.5923
58.5923
58.5923
58.5923
58.5923
58.5923
58.5923
58.5923
58.5923
58.5923
58.5923
58.5923
58.5923
58.5923
58.5923
58.5923
58.5923
58.5923
58.5923
58.5923
58.5923
58.5923
58.5923
58.5923
58.5923
58.5923
58.5923
58.5923
58.5923
58.5923
58.5923
58.5923
58.5923
58.5923
58.5923
58.5923
58.5923
58.5923
58.5923
58.5923
58.5923
58.5923
58.5923
58.5923
58.5821
57.2547
57.2547
57.2547
57.2547
57.2547
57.2547
57.2547
57.2547
57.2547
57.2547
57.2547
57.2547
57.2547
57.2547
57.2547
57.2547
57.2547
57.2547
57.2547
57.2547
57.2547
57.2547
57.2547
57.2547
57.2547
57.2547
56.9102
56.9102
56.9102
56.9102
56.9102
56.9102
56.9102
56.9102
56.9102
56.9102
56.9102
56.9102
56.9102
56.9102
56.9102
56.9102
56.9102
56.9102
56.9102
56.9102
56.9102
56.9102
56.9102
56.9102
56.9102
56.9102
56.9102
56.9102
56.9102
56.9102
56.9102
56.9102
56.9102
56.9102
56.9102
56.9102
56.9102
56.9102
56.9102
56.9102
56.9102
56.9102
56.9102
56.9102
56.9102
56.9102
56.9102
56.9102
56.9102
56.9102
56.9102
56.9102
56.9102
56.9102
56.9102
56.9102
56.9102
56.9102
56.9102
56.9102
56.9102
56.9102
56.9102
56.9102
56.9102
56.9102
56.9102
56.9102
56.9102
56.9102
56.9102
56.9102
56.9102
56.9102
56.9102
56.9102
56.9102
56.9102
56.9102
56.9102
56.9102
56.9102
56.9102
56.9102
56.9102
56.9102
56.9102
56.9102
56.9102
56.9102
56.9102
56.9102
56.9102
56.9102
56.9102
56.9102
56.9102
56.9102
56.9102
56.9102
56.9102
56.9102
56.9102
56.9102
56.9102
56.9102
56.9102
56.9102
56.9102
56.9102
56.9102
56.9102
56.9102
56.9102
56.9102
56.9102
56.9102
56.9102
56.9102
56.9102
56.9102
56.9102
56.9102
56.9102
56.8315
56.8315
56.8315
56.8315
56.8315
56.8315
56.8315
56.8315
56.8315
56.8315
56.8315
56.8315
56.8315
56.8315
56.8315
56.4869
56.4869
56.4869
56.4869
56.4869
56.4869
56.4869
56.4869
56.4869
56.4869
56.4869
56.4869
56.4869
56.4869
56.4869
56.4869
56.4869
56.4199
56.4199
56.4199
56.4199
56.4199
56.4199
56.4199
56.4199
56.4199
56.4199
56.4199
56.4199
56.4199
56.4199
56.4199
56.4199
56.4199
56.4199
56.4199
56.4199
56.4199
56.4199
56.4199
56.4199
56.4199
56.4199
56.4199
56.4199
56.4199
56.4199
56.4199
56.4199
56.4199
56.4199
56.4199
56.4199
56.4199
56.4199
56.4199
56.4199
56.4199
56.4199
56.4199
56.4199
56.4199
56.4199
56.4199
56.4199
56.4199
56.4199
56.4199
56.4199
56.4199
56.4199
56.4199
56.4199
56.4199
56.4199
56.4199
56.4199
56.4199
56.4199
56.4199
56.4199
56.4199
56.4199
56.4199
56.4199
56.4199
56.4199
56.4199
56.4199
56.4199
56.4199
56.4199
56.4199
56.4199
56.4199
56.4199
56.4199
56.4199
56.4199
56.4199
56.4199
56.4199
56.4199
56.4199
56.4199
56.4199
56.4199
56.4199
56.4199
56.4199
56.4199
56.4199
56.4199
56.4199
56.4199
56.4199
56.4199
56.4199
56.4199
56.4199
56.4199
56.4199
56.4199
56.4199
56.4199
56.4199
56.4199
56.4199
56.4199
56.4199
56.4199
56.4199
56.4199
56.4199
56.4199
56.4199
56.4199
56.4199
56.4199
56.4199
56.4199
56.4199
56.4199
56.4199
56.4199
56.4199
56.4199
56.4199
56.4199
56.4199
56.4199
56.4199
56.4199
56.4199
56.4199
56.4199
56.4199
56.4199
56.4199
56.4199
56.4199
56.4199
56.4199
56.4199
56.4199
56.4199
56.4199
56.4199
56.4199
56.4199
56.4199
56.4199
56.4199
56.4199
56.4199
56.4199
56.4199
56.4199
56.4199
56.4199
56.4199
56.4199
56.4199
56.4199
56.4199
56.1754
56.1754
56.1754
56.1754
56.1754
56.1754
56.1754
56.1754
56.069
56.069
56.069
56.069
56.069
56.069
56.069
56.069
56.069
56.069
56.069
56.069
56.069
56.069
56.069
56.069
56.069
56.069
56.069
56.069
56.069
56.069
56.0617
56.0617
56.0617
56.0617
56.0617
55.5701
55.5701
55.5701
55.5701
55.5701
55.5701
55.5701
55.5701
55.5701
55.5701
55.5701
55.5701
55.5701
55.5701
55.5701
55.5701
55.5701
55.5701
55.5701
55.5701
55.5701
55.5701
55.5701
55.5701
55.5701
55.5701
55.5701
55.5701
55.5701
55.5701
55.5701
55.5701
55.5701
55.5701
55.5701
55.5701
55.5701
55.5701
55.5701
55.5701
55.5701
55.5701
55.5701
55.5701
55.5701
55.5701
55.5701
55.5701
55.5701
55.5701
55.5701
55.5701
55.5701
55.5701
55.5701
55.5701
55.5701
55.5701
55.5701
55.5701
55.5701
55.5701
55.5701
55.5701
