2665.31
2472.24
2360.15
2323.66
2289.95
2258.69
2228.82
2188.24
2149.36
2098.26
2051.16
2012.58
1982.91
1967.55
1942.23
1918.41
1903.75
1882.11
1844.74
1820.85
1797
1770.61
1733.76
1695.74
1653.78
1623.56
1588.28
1571.99
1544.82
1511.56
1493.64
1478.31
1454.57
1427.89
1405.95
1372.83
1344.17
1333.82
1320.38
1298.85
1279.29
1262.94
1248.63
1229.81
1219.19
1205.97
1188.55
1171.92
1151.53
1141.86
1130.14
1114.85
1090.42
1078.8
1065.58
1054.27
1046.59
1033.53
1015.56
1003.09
995.971
988.077
978.263
968.126
951.646
929.408
915.863
901.277
891.268
887.603
881.713
879.85
876.086
868.154
852.552
839.243
835.73
827.04
813.993
803.084
792.737
787.779
779.301
771.304
762.426
757.373
752.441
747.242
742.598
735.983
729.311
726.408
724.193
719.835
713.032
700.829
685.321
669.961
657.319
643.502
639.644
633.741
626.614
619.7
611.15
608.655
604.386
597.206
589.778
582.886
570.133
556.235
553.367
551.239
547.131
541.652
537.456
534.686
529.463
521.597
515.143
509.348
506.567
503.686
497.958
492.909
488.999
487.339
486.044
484.074
480.329
472.528
462.831
458.652
457.136
454.521
448.156
441.539
437.928
436.646
435.76
435.277
434.417
432.332
429.329
428.083
425.327
421.793
419.783
418.003
415.431
411.949
409.418
407.16
403.726
401.417
399.506
395.816
392.55
389.298
388.289
388.083
387.399
385.506
379.3
370.927
365.798
365.735
365.492
364.614
363.073
361.337
359.608
357.913
357.271
356.925
355.436
350.403
343.796
340.537
340.373
339.933
338.833
337.529
336.852
335.73
333.642
330.507
327.433
326.624
326.609
326.311
325.043
323.092
320.474
317.918
316.755
316.429
315.676
314.675
313.285
311.705
308.663
304.51
302.213
301.488
300.03
298.403
297.078
296.306
295.605
294.115
292.227
291.801
291.087
288.672
284.858
282.085
281.925
281.292
280.3
278.79
276.326
273.143
271.956
270.337
265.198
258.618
254.882
254.765
254.369
253.702
252.42
250.871
250.199
249.465
248.874
247.99
246.785
245.315
244.685
244.374
243.031
241.374
240.049
239.634
238.931
237.763
235.895
233.57
233.253
233.203
232.918
232.031
230.344
229.36
229.051
227.092
223.293
221.319
220.641
220.26
219.156
217.794
216
214.795
213.814
212.725
211.527
210.09
208.91
207.7
206.294
205.205
204.737
203.851
202.767
202.13
201.252
200.555
199.728
199.306
198.84
198.338
197.857
197.409
196.9
196.165
194.611
192.906
192.2
191.222
189.834
189.088
188.998
188.729
188.287
187.805
187.514
186.939
186.323
186.077
185.915
185.26
184.422
184.232
184.232
184.227
184.124
183.733
183.227
182.896
182.89
182.783
182.396
181.937
181.576
181.254
180.888
180.122
179.153
178.476
178.476
178.474
178.418
178.199
177.568
176.588
175.524
175.048
175.046
175.011
174.783
174.346
173.828
173.238
171.826
169.95
168.828
168.756
168.407
167.994
167.797
167.779
167.556
166.896
166.061
165.279
164.695
164.391
164.17
163.401
161.886
160.257
159.513
159.414
159.142
158.868
158.609
158.183
157.562
156.529
155.622
155.17
154.469
152.755
150.852
149.105
148.911
148.779
148.132
147.306
146.36
145.714
145.372
145.323
145.019
144.312
143.652
143.272
143.272
143.26
143.102
142.537
141.766
141.352
141.112
140.604
139.966
139.67
139.67
139.67
139.67
139.67
139.67
139.666
139.567
139.28
138.8
138.448
137.939
137.559
137.043
136.412
136.184
136.175
136.146
136.098
136.048
135.643
134.065
132.126
130.952
130.907
130.701
130.345
130.137
129.915
129.579
129.308
129.308
129.308
129.308
129.308
129.305
129.236
128.989
128.594
128.241
127.929
127.329
126.477
125.324
123.753
122.692
122.116
122.05
121.701
120.865
120
119.81
119.695
119.195
118.565
118.182
118.061
117.869
117.646
117.45
117.238
116.953
115.75
111.446
104.386
100.35
100.35
100.346
100.279
100.061
99.6603
99.5103
99.5103
99.5103
99.5103
99.5103
99.5103
99.5098
99.4995
99.4524
99.3604
99.2385
98.9761
98.4476
98.1145
98.0499
98.0499
98.0499
98.0499
98.0429
97.9086
97.274
96.4732
96.2831
96.2825
96.2695
96.2136
96.1422
96.1279
96.1279
96.1279
96.1279
96.1279
96.1279
96.1279
96.1279
96.1279
96.1279
96.1279
96.1279
96.1279
96.1278
95.6577
93.9721
92.0289
91.6089
91.6089
91.5992
91.3775
90.6834
89.6202
89.1987
89.1987
89.1987
89.1987
89.1987
89.1987
89.1987
89.1947
89.1231
88.8286
88.4386
88.1562
87.9824
87.7707
87.6088
87.6088
87.607
87.5653
87.4144
87.1888
87.0014
86.8495
86.7897
86.7897
86.7897
86.7897
86.7897
86.7897
86.7897
86.7854
86.684
86.2878
85.8959
85.7184
85.7184
85.7184
85.7184
85.7184
85.7184
85.718
85.7107
85.418
84.3182
82.9664
82.6003
82.6003
82.6003
82.6003
82.6003
82.6003
82.6003
82.599
82.5716
82.4659
82.3286
82.2546
82.1762
82.0657
82.0076
81.9711
81.8295
81.6149
81.4391
81.4344
81.3406
81.0607
80.6061
80.2788
80.2788
80.2788
80.2788
80.2776
80.2463
80.1626
80.034
79.9781
79.933
79.7719
79.5845
79.4471
79.3778
79.3166
79.2427
79.1277
79.052
79.052
79.052
79.052
79.0511
79.0291
78.9579
78.758
78.2985
77.781
77.4151
77.4151
77.4151
77.4151
77.4134
77.3856
77.2675
77.1021
76.9811
76.9811
76.9811
76.9811
76.9809
76.9779
76.9657
76.9523
76.9343
76.889
76.716
76.4274
76.344
76.3404
76.2648
76.0152
75.649
75.3305
75.2136
75.1424
75.1424
75.1385
75.0572
74.8169
74.3846
74.2422
74.2422
74.2422
74.2422
74.2422
74.2422
74.2422
74.2422
74.2422
74.2422
74.2422
74.2422
74.2422
74.2422
73.9292
72.9345
71.8145
71.377
71.377
71.377
71.377
71.377
71.3701
71.2519
70.6354
69.9916
69.6452
69.6452
69.6452
69.6452
69.6452
69.6452
69.6452
69.6452
69.6452
69.6452
69.6452
69.6452
69.6452
69.6452
69.6452
69.6452
69.6452
69.6452
69.6452
69.6452
69.6452
69.6452
69.6447
69.6323
69.5987
69.5433
69.5159
69.5154
69.5068
69.4676
69.4209
69.3902
69.3902
69.3902
69.3902
69.3902
69.3902
69.3902
69.3873
69.3414
69.1374
68.7956
68.672
68.672
68.672
68.672
68.672
68.672
68.672
68.672
68.672
68.672
68.6716
68.6627
68.6338
68.5863
68.5554
68.5554
68.5554
68.5554
68.5554
68.5554
68.5554
68.5554
68.5554
68.5554
68.5554
68.555
68.5477
68.5175
68.4741
68.449
68.449
68.442
68.2965
67.7143
67.0825
66.7163
66.7163
66.7163
66.7163
66.7163
66.7163
66.7163
66.7163
66.7163
66.7163
66.7163
66.7163
66.7163
66.7163
66.7163
66.7141
66.6751
66.5233
66.2719
66.1742
66.1742
66.1742
66.1742
66.1742
66.1737
66.1661
66.1371
66.0884
66.0675
66.0675
66.0675
66.0675
66.0675
66.0675
66.0675
66.0675
66.0663
66.0492
65.9723
65.8405
65.7624
65.7624
65.7624
65.7624
65.7624
65.7624
65.7624
65.7624
65.7624
65.7617
65.7471
65.6894
65.6135
65.5799
65.5799
65.5799
65.5799
65.5799
65.5799
65.5799
65.5799
65.5799
65.5799
65.5799
65.5799
65.5799
65.5799
65.5799
65.5799
65.5799
65.5799
65.5799
65.5799
65.5799
65.5799
65.5799
65.5799
65.5799
65.5799
65.5799
65.5799
65.5799
65.5799
65.5799
65.5799
65.5799
65.5786
65.554
65.4556
65.2985
65.2383
65.2383
65.2383
65.2383
65.2383
65.2383
65.2383
65.2383
65.2383
65.2383
65.2383
65.2383
65.2383
65.2383
65.2383
65.2383
65.2383
65.2383
65.2383
65.2383
65.2383
65.1337
64.7595
64.2661
63.9924
63.9924
63.9924
63.9924
63.9924
63.9924
63.9924
63.9924
63.9924
63.9924
63.9924
63.9924
63.9924
63.9924
63.9924
63.9924
63.9924
63.9924
63.9924
63.9924
63.9924
63.9924
63.9924
63.9924
63.9924
63.9924
63.9924
63.9924
63.9924
63.9906
63.9453
63.8183
63.6715
63.5391
63.536
63.4671
63.2384
62.941
62.756
62.756
62.756
62.756
62.756
62.756
62.756
62.756
62.756
62.756
62.756
62.756
62.756
62.756
62.756
62.756
62.756
62.756
62.756
62.756
62.756
62.756
62.756
62.756
62.756
62.756
62.756
62.756
62.756
62.756
62.756
62.756
62.756
62.756
62.7552
62.7343
62.6606
62.559
62.539
62.5378
62.534
62.5276
62.5227
62.5227
62.5227
62.5227
62.5227
62.5227
62.5227
62.5227
62.5227
62.5227
62.5199
62.4474
62.2074
61.8642
61.8251
61.8251
61.8251
61.8251
61.8251
61.8251
61.8251
61.8251
61.8251
61.8251
61.8251
61.8251
61.8251
61.8251
61.8251
61.8251
61.8251
61.8251
61.8251
61.8251
61.8251
61.8251
61.8251
61.8251
61.8251
61.8251
61.8251
61.8251
61.8226
61.773
61.5697
61.3415
61.2051
61.2051
61.2051
61.2051
61.2051
61.2051
61.2051
61.2051
61.2051
61.2051
61.2051
61.2051
61.2051
61.2051
61.2051
61.2051
61.2051
61.2051
61.2051
61.2051
61.2051
61.2051
61.2051
61.2051
61.2051
61.2051
61.2051
61.2051
61.2048
61.2023
61.1897
61.1695
61.147
61.147
61.147
61.147
61.147
61.147
61.147
61.147
61.147
61.147
61.145
61.1018
60.9622
60.728
60.6336
60.6336
60.6336
60.6336
60.6336
60.6336
60.6336
60.6336
60.6336
60.6336
60.6336
60.6336
60.6336
60.6336
60.6336
60.6336
60.6336
60.6336
60.6336
60.6323
60.6018
60.4861
60.3818
60.3157
60.3157
60.3157
60.3157
60.3157
60.3157
60.3157
60.3157
60.3157
60.3157
60.3157
60.3157
60.3157
60.3157
60.3157
60.3157
60.3157
60.3157
60.3157
60.3157
60.3157
60.3157
60.3157
60.3157
60.3157
60.3157
60.3157
60.3157
60.3157
60.3157
60.3157
60.3157
60.3157
60.3157
60.3157
60.3157
60.3157
60.3157
60.3157
60.3157
60.3157
60.3157
60.3157
60.3157
60.3157
60.3157
60.3157
60.3157
60.3157
60.3157
60.3157
60.3157
60.3157
60.3157
60.3157
60.3157
60.3157
60.3157
60.3157
60.3157
60.3157
60.3157
60.3157
60.3157
60.3157
60.3157
60.3157
60.3157
60.3157
60.3157
60.3157
60.3157
60.3157
60.3157
60.3157
60.3157
60.3157
60.3157
60.3157
60.3157
60.3157
60.3157
60.3157
60.3157
60.3157
60.3157
60.3157
60.3157
60.3157
60.3157
60.3157
60.3157
60.3157
60.3157
60.3157
60.3157
60.3157
60.3157
60.3157
60.3157
60.3157
60.3157
60.309
60.2879
60.2632
60.2488
60.2488
60.2488
60.2488
60.2488
60.2488
60.2488
60.2488
60.2488
60.2488
60.2488
60.2488
60.2488
60.2488
60.2488
60.2488
60.2488
60.2488
60.2488
60.2488
60.2488
60.2488
60.2488
60.2488
60.2488
60.2488
60.2488
60.2488
60.2488
60.2488
60.2488
60.2488
60.2488
60.2488
60.2488
60.2488
60.2488
60.2488
60.2488
60.2488
60.2488
60.2488
60.2488
60.2488
60.2488
60.2488
60.2488
60.1672
59.8591
59.3562
59.1161
59.1161
59.1161
59.1161
59.1161
59.1161
59.1161
59.1161
59.1161
59.1161
59.1161
59.1161
59.1161
59.1161
59.1161
59.1161
59.1161
59.1161
59.1161
59.1161
59.1161
59.1161
59.1161
59.1161
59.1161
59.1161
59.1161
59.1161
59.1161
59.1161
59.1161
59.1161
59.1161
59.1161
59.1161
59.1161
59.1161
59.1161
59.1161
59.1161
59.1161
59.1161
59.1161
59.1161
59.1161
59.1161
59.1161
59.1157
59.1135
59.1112
59.1097
59.1097
59.1097
59.1097
59.1097
59.1097
59.1097
59.1097
59.1091
59.0968
59.049
58.9872
58.9624
58.9624
58.9624
58.9624
58.9624
58.9624
58.9624
58.9624
58.9624
58.9624
58.9624
58.9624
58.9624
58.9624
58.9624
58.9624
58.9624
58.9624
58.9624
58.9624
58.9624
58.9624
58.9624
58.9624
58.9624
58.9624
58.9624
58.9624
58.9624
58.9624
58.9624
58.9624
58.9624
58.9624
58.9624
58.9624
58.9624
58.9624
58.9624
58.9624
58.9624
58.9624
58.9624
58.9624
58.9624
58.9624
58.9624
58.9624
58.9624
58.9624
58.9624
58.9624
58.9624
58.9624
58.9624
58.9624
58.9624
58.9624
58.9624
58.9624
58.9624
58.9624
58.9624
58.9624
58.9624
58.9624
58.9624
58.9624
58.9624
58.9624
58.9624
58.9624
58.9624
58.9624
58.9624
58.9624
58.9624
58.9624
58.9624
58.9624
58.9624
58.9624
58.9624
58.9624
58.9624
58.9624
58.9624
58.9624
58.9624
58.9624
58.9624
58.9624
58.9624
58.9624
58.9624
58.9624
58.9624
58.9624
58.9624
58.9624
58.9624
58.9624
58.9624
58.9624
58.9624
58.9624
58.9624
58.9624
58.9624
58.9624
58.9624
58.9624
58.9624
58.9624
58.9624
58.9624
58.9624
58.9624
58.9624
58.9624
58.9624
58.9624
58.9624
58.9624
58.9624
58.9624
58.9624
58.9624
58.9624
58.9624
58.9624
58.9624
58.9624
58.9624
58.9624
58.8881
58.6686
58.3252
58.0774
58.0774
58.0774
58.0774
58.0774
58.0774
58.0774
58.0774
58.0774
58.0774
58.0774
58.0774
58.0774
58.0745
58.0144
57.811
57.5045
57.3612
57.3612
57.3612
57.3612
57.3612
57.3612
57.3612
57.3612
57.3612
57.3612
57.3612
57.3612
57.3612
57.3612
57.3612
57.3612
57.3608
57.3514
57.3152
57.2598
57.2547
57.2547
57.2547
57.2547
57.2547
57.2547
57.2547
57.2547
57.2547
57.2547
57.2547
57.2547
57.2547
57.2547
57.2547
57.2547
57.2547
57.2547
57.2547
57.2547
57.2547
57.2547
57.2547
57.2547
57.2547
57.2547
57.2547
57.2547
57.2547
57.2547
57.2547
57.2547
57.2547
57.2547
57.2547
57.2547
57.2547
57.2547
57.2547
57.2547
57.2547
57.2547
57.2547
57.2547
57.2547
57.2547
57.2547
57.2547
57.2547
57.2547
57.2547
57.2547
57.2547
57.2547
57.2547
57.2547
57.2547
57.2547
57.2547
57.2547
57.2547
57.2547
57.2547
57.2547
57.2547
57.2547
57.2547
57.2547
57.2547
57.2547
57.2547
57.2547
57.2547
57.2547
57.2547
57.2547
57.2547
57.2547
57.2547
57.2547
57.2547
57.2547
57.2547
57.2547
57.2547
57.2547
57.2547
57.2547
57.2547
57.2547
57.2547
57.2547
57.2547
57.2547
57.2547
57.2547
57.2547
57.2547
57.2547
57.2547
57.2547
57.2547
57.2547
57.2547
57.2547
57.2547
57.2547
57.2547
57.2547
57.2547
57.2357
57.1624
57.0577
57.0166
57.0166
57.0166
57.0166
57.0166
57.0166
57.0166
57.0166
57.0166
57.0166
57.0166
57.0166
57.0166
57.0166
57.0166
57.0166
57.0166
57.0166
57.0166
57.0166
57.0166
57.0166
57.0166
57.0166
57.0166
57.0166
57.0166
57.0166
57.0166
57.0166
57.0166
57.0166
57.0166
57.0166
57.0166
57.0166
57.0166
57.0166
57.0166
57.0166
57.0166
57.0166
57.0166
57.0166
57.0166
57.0166
57.0166
57.0166
57.0166
57.0166
57.0166
57.0166
57.0166
57.0166
57.0166
57.0166
57.0166
57.0166
57.0166
57.0166
57.0166
57.0166
57.0166
57.0166
57.0166
57.0166
57.0166
57.0166
57.0166
57.0166
57.0166
57.0166
57.0166
57.0166
57.0166
57.0166
57.0166
57.0166
57.0166
57.0166
57.0166
57.0166
57.0166
57.0166
57.0166
57.0166
57.0166
57.0162
57.009
56.9804
56.9344
56.9102
56.9102
56.9102
56.9102
56.9102
56.9102
56.8854
56.7985
56.6426
56.5654
56.5654
56.5654
56.5654
56.5654
56.5654
56.5654
56.5654
56.5654
56.5654
56.5654
56.5654
56.5654
56.5654
56.5654
56.5654
56.5654
56.5654
56.5654
56.5654
56.5654
56.5654
56.5654
56.5654
56.5654
56.5654
56.5654
56.5654
56.5654
56.5654
56.5654
56.5654
56.5654
56.5654
56.5654
56.5654
56.5654
56.5654
56.5654
56.5654
56.5654
56.5654
56.5654
56.5654
56.5654
56.5654
56.5654
56.5654
56.5654
56.5654
56.5654
56.5654
56.5654
56.5654
56.5654
56.5654
56.5654
56.5654
56.5654
56.5654
56.5654
56.5654
56.5654
56.5654
56.5654
56.5654
56.5654
56.5654
56.5654
56.5654
56.5654
56.5654
56.5654
56.5654
56.5654
56.5654
56.5654
56.5654
56.5654
56.5654
56.5654
56.5654
56.5654
56.5654
56.5654
56.5652
56.5613
56.5475
56.5283
56.5147
56.5147
56.5147
56.5147
56.5147
56.5147
56.5147
56.5147
56.4835
56.36
56.2175
56.1754
56.1754
56.1754
56.1754
56.1754
56.1754
56.1754
56.1754
56.1754
56.1754
56.1754
56.1754
56.1754
56.1754
56.1754
56.1754
56.1754
56.1754
56.1754
56.1754
56.1754
56.1754
56.1754
56.1754
56.1754
56.1754
56.1754
56.1754
56.1754
56.1754
56.1754
56.1754
56.1754
56.1754
56.1754
56.1754
56.1754
56.1754
56.1754
56.1754
56.1754
56.1754
56.1754
56.1754
56.1754
56.1754
56.1754
56.1754
56.1754
56.1754
56.1754
56.1754
56.1754
56.1754
56.1754
56.1754
56.1754
56.1754
56.1754
56.1754
56.1754
56.1754
56.1754
56.1754
56.1754
56.1754
56.1754
56.1754
56.1754
56.1754
56.1754
56.1754
56.1754
56.1754
56.1754
56.1754
56.1754
56.1754
56.1754
56.1754
56.1754
56.1754
56.1754
56.1754
56.1754
56.1754
56.1754
56.1754
56.1754
56.1754
56.1754
56.1754
56.1754
56.1754
56.1754
56.1754
56.1754
56.1754
56.1754
56.1754
56.1754
56.1754
56.1754
56.1754
56.1754
56.1754
56.1754
56.1754
56.1754
56.1754
56.1754
56.1754
56.1754
56.1754
56.1754
56.1754
56.1754
56.1754
56.1754
56.1754
56.1754
56.1754
56.1754
56.1754
56.1754
56.1754
56.1754
56.1754
56.1754
56.1754
56.1754
56.1754
56.1754
56.1754
56.1754
56.1754
56.1754
56.1754
56.1754
56.1754
56.1754
56.1754
56.1754
56.1754
56.1754
56.1754
56.1754
56.1669
56.1307
56.0881
56.069
56.069
56.069
56.069
56.069
56.069
56.069
56.069
56.069
56.069
56.069
56.069
56.069
56.069
56.069
56.069
56.069
56.069
56.069
56.069
56.069
56.069
56.069
56.069
56.069
56.069
56.069
56.069
56.069
56.069
56.069
56.069
56.069
56.069
56.069
56.069
56.069
56.069
56.069
56.069
56.069
56.069
56.069
56.069
56.069
56.069
56.069
56.069
56.069
56.069
56.069
56.069
56.069
56.069
56.069
56.069
56.069
56.069
56.069
56.069
56.069
56.069
56.069
56.069
56.069
56.069
56.069
56.069
56.069
56.069
56.069
56.069
56.069
56.069
56.069
56.069
56.069
56.069
56.069
56.069
56.069
56.069
56.069
56.069
56.069
56.069
56.069
56.069
56.069
56.069
56.069
56.069
56.069
56.069
56.069
56.069
