2704.89
2464.31
2297.09
2251.67
2191.27
2161.09
2137.19
2099.86
2036.15
1978.45
1947.53
1914.04
1854.44
1830.2
1807.96
1775.97
1743.17
1718.62
1684.99
1640.91
1607.61
1590.77
1565.46
1537.17
1498.7
1461.47
1452.77
1437.02
1401.73
1375.35
1365.3
1349.18
1325.15
1298.48
1289.81
1281.76
1274.39
1264
1256.45
1245.43
1233.87
1215.87
1197.09
1190.96
1177.87
1161.5
1148.94
1139.4
1131.72
1123.1
1115.83
1103.07
1082.45
1060.15
1037.58
1031.38
1023.1
1012.78
1005.64
1000.94
993.973
990.886
982.521
971.988
967.884
962.496
953.659
943.478
934.374
926.193
915.669
902.952
894.072
887.84
880.933
872.148
867.538
863.136
856.237
844.661
839.639
836.175
828.663
817.589
809.918
804.569
795.819
787.514
784.108
780.01
774.395
764.983
757.565
748.258
739.506
729.862
726.479
722.771
714.585
704.738
697.273
687.976
669.61
641.752
626.06
623.982
619.982
614.854
609.402
604.057
601.805
600.626
597.468
593.851
592.51
589.776
583.668
574.435
560.536
547.662
544.028
540.983
538.066
531.259
522.002
517.587
512.853
509.753
507.219
505.912
502.92
496.801
490.321
488.049
484.716
480.161
474.538
470.349
468.283
467.423
466.634
465.035
462.098
459.55
453.947
447.243
443.955
443.89
442.642
439.443
436.043
433.711
426.771
415.874
409.926
408.289
402.268
395.77
390.525
386.141
381.813
377.303
374.505
373.788
372.661
371.541
370.731
370.41
370.02
369.293
366.833
362.48
359.434
358.523
357.904
355.666
353.041
351.629
350.499
349.251
347.881
344.546
340.354
338.124
338.031
337.778
337.045
335.921
335.368
334.284
332.082
328.317
325.087
324.042
324.02
323.617
322.077
320.049
318.932
317.726
316.555
314.312
309.884
304.459
302.328
301.132
298.927
296.952
294.007
290.881
288.864
286.2
282.136
281.468
281.143
279.841
277.409
275.485
274.629
274.238
272.832
271.103
270.371
270.17
269.729
269.082
268.613
267.903
265.293
261.654
260.209
259.457
258.531
258.209
257.236
255.144
252.94
252.16
251.664
250.208
248.203
247.411
246.924
245.952
244.368
243.003
241.817
240.188
238.175
236.645
235.731
234.871
233.737
232.678
232.003
231.191
230.137
228.839
227.615
227.144
226.939
225.93
223.98
221.693
218.871
216.338
215.391
214.808
212.672
209.625
208.763
208.119
206.85
205.802
204.389
203.167
201.871
201.273
201.235
200.695
199.057
196.784
194.878
193.882
193.4
193.127
192.751
192.44
192.201
191.884
191.344
190.088
188.942
188.552
188.45
188.006
187.06
185.708
184.368
183.513
183.33
182.583
181.497
180.26
179.523
178.406
178.007
178.002
177.866
177.456
176.898
176.646
175.813
174.461
173.043
172.55
172.55
172.55
172.55
172.537
172.34
171.759
170.879
170.483
169.978
168.983
168.395
167.944
167.543
167.292
167.292
167.292
167.292
167.286
167.184
166.776
166.167
165.601
164.971
164.066
163.509
163.158
163.106
163.106
163.092
162.749
161.963
160.847
160.033
159.624
159.066
157.496
155.714
155.069
155.067
155.028
154.859
154.664
154.478
154.279
153.779
153.001
152.469
152.469
152.464
152.381
152.016
151.543
151.249
151.237
151.192
151.138
150.969
150.487
149.711
148.896
148.422
148.217
148.131
147.984
147.791
147.254
146.405
145.759
145.574
145.453
145.184
144.583
143.508
143.116
143.112
143.092
143.063
143.038
142.984
142.615
141.806
140.905
140.459
140.173
140.032
139.732
138.461
136.91
135.943
135.638
135.247
134.738
134.06
133.363
133.039
132.834
132.67
132.455
132.031
131.561
131.127
131.024
131.014
130.866
130.474
129.682
129.137
129.095
128.929
128.733
128.613
128.613
128.613
128.604
128.425
127.854
126.868
126.44
126.437
126.393
126.235
125.976
125.732
125.428
124.717
123.827
123.338
123.338
123.338
123.332
123.225
122.877
122.447
122.25
122.157
121.599
119.999
117.311
115.059
114.993
114.75
114.413
114.243
114.115
113.604
112.798
112.36
112.36
112.349
112.175
111.648
110.975
110.896
110.896
110.896
110.889
110.801
110.485
109.942
109.634
109.634
109.634
109.633
109.618
109.497
109.168
108.8
108.608
108.608
108.608
108.606
108.567
108.433
108.288
108.099
107.706
107.141
106.788
106.788
106.788
106.788
106.788
106.785
106.769
106.727
105.891
102.499
97.1972
96.1189
96.1189
96.1154
96.0462
95.7579
95.4575
95.2532
95.2526
95.2418
95.1997
95.1367
95.103
95.103
95.103
95.103
95.103
95.103
95.103
95.1028
95.0986
95.0806
95.0543
95.0391
94.9959
94.8205
94.4988
94.0889
93.7616
93.5885
93.5885
93.5885
93.5885
93.5885
93.5885
93.583
93.5091
93.2948
92.745
92.4005
92.1041
91.8793
91.8793
91.8793
91.8793
91.8793
91.8778
91.8431
91.0996
88.9772
86.623
85.6119
85.6119
85.6119
85.6067
85.4918
85.1252
84.4818
84.306
84.306
84.306
84.306
84.306
84.306
84.306
84.306
84.306
84.306
84.306
84.306
84.306
84.306
84.3031
84.2514
84.0311
83.6979
83.5872
83.5872
83.5872
83.5872
83.5872
83.5786
83.4728
83.0961
82.6763
82.3518
82.3518
82.3518
82.3518
82.3518
82.3518
82.3518
82.3518
82.3518
82.3518
82.3518
82.3518
82.3518
82.0886
81.0322
79.5237
78.6966
78.6966
78.6966
78.6966
78.6966
78.6966
78.6966
78.6966
78.6966
78.6966
78.6966
78.6966
78.6966
78.6966
78.6869
78.4549
77.7147
76.7535
76.2798
76.2798
76.2798
76.2798
76.2798
76.2798
76.2798
76.2798
76.2798
76.2798
76.2798
76.2798
76.2798
76.2798
76.2798
76.2798
76.2798
76.2798
76.2798
76.2798
76.2798
76.2798
76.2798
76.2798
76.2798
76.2798
76.2772
76.2117
76.0253
75.6133
75.0381
74.5129
74.2403
74.1942
74.0501
73.8383
73.7554
73.7269
73.6865
73.6542
73.6284
73.5465
73.4186
73.3748
73.3748
73.3748
73.3748
73.3748
73.3748
73.3748
73.3748
73.3748
73.3748
73.3748
73.3748
73.3746
73.369
73.3479
73.3203
73.3168
73.3168
73.3168
73.3168
73.3168
73.3168
73.3168
73.3168
73.3168
73.3168
73.3168
73.3168
73.3168
73.3168
73.3168
73.3168
73.3129
73.2632
73.0295
72.6545
72.0743
71.0625
69.7465
69.3902
69.3902
69.3902
69.3902
69.3902
69.3902
69.3902
69.3902
69.3902
69.3902
69.3902
69.3902
69.3902
69.3902
69.3902
69.3902
69.3902
69.3902
69.3902
69.3902
69.3902
69.3902
69.3902
69.3902
69.3902
69.3902
69.3902
69.3902
69.3902
69.3902
69.3902
69.3902
69.3902
69.3902
69.3902
69.3897
69.3795
69.3462
69.2984
69.268
69.268
69.2666
69.235
69.1011
68.8836
68.5751
68.165
67.9169
67.5598
66.9284
66.7163
66.7163
66.7163
66.7163
66.7163
66.7163
66.7163
66.7163
66.7163
66.7163
66.7163
66.7163
66.7163
66.7163
66.7163
66.7163
66.7163
66.7135
66.6437
66.4623
66.1777
66.0187
66.0186
66.0169
66.0092
65.9715
65.8277
65.6791
65.5285
65.5285
65.5285
65.5285
65.5285
65.5285
65.5285
65.5285
65.5285
65.5285
65.5285
65.5285
65.5285
65.5285
65.5275
65.5135
65.4454
65.3663
65.2822
65.2782
65.2782
65.2782
65.2782
65.2764
65.2445
65.0723
64.8895
64.8345
64.8345
64.8345
64.8345
64.8345
64.8345
64.8345
64.8345
64.8345
64.8345
64.8345
64.8345
64.8345
64.8345
64.8345
64.8345
64.8345
64.8345
64.8345
64.8345
64.8345
64.8345
64.8345
64.8345
64.8345
64.8345
64.832
64.7948
64.6385
64.3741
64.2016
64.1856
64.1796
64.1796
64.1796
64.1796
64.1796
64.1796
64.1796
64.1796
64.1796
64.1796
64.1796
64.1796
64.1776
64.1447
64.0099
63.8116
63.6992
63.6992
63.6992
63.6992
63.6992
63.6992
63.6992
63.6992
63.6992
63.6992
63.6992
63.6992
63.6992
63.6992
63.6992
63.6992
63.6992
63.6992
63.6992
63.6992
63.6992
63.6992
63.6992
63.6992
63.6992
63.6992
63.6992
63.6992
63.6992
63.6992
63.6992
63.6992
63.6992
63.6992
63.6992
63.6992
63.6992
63.6992
63.6992
63.6992
63.6992
63.6992
63.6992
63.6992
63.6275
63.3823
62.9711
62.756
62.756
62.756
62.756
62.756
62.756
62.756
62.756
62.756
62.756
62.756
62.756
62.756
62.756
62.756
62.756
62.756
62.756
62.756
62.756
62.756
62.756
62.756
62.7553
62.7434
62.6937
62.5994
62.5705
62.5705
62.5705
62.5705
62.5705
62.5705
62.5705
62.5705
62.5705
62.5705
62.5705
62.5704
62.5677
62.5582
62.5434
62.5416
62.5416
62.5416
62.5416
62.5416
62.4785
62.2578
61.9971
61.8251
61.8251
61.8251
61.8251
61.8251
61.8251
61.8251
61.8251
61.8251
61.8251
61.8251
61.8251
61.8231
61.8025
61.6957
61.4801
61.3117
61.3117
61.3117
61.3117
61.3117
61.3117
61.3117
61.3117
61.3117
61.3117
61.3117
61.3117
61.3117
61.3116
61.3103
61.3052
61.2961
61.292
61.292
61.292
61.292
61.292
61.292
61.292
61.292
61.292
61.2919
61.2918
61.2909
61.2897
61.2892
61.2828
61.2539
61.2236
61.2051
61.2051
61.2051
61.2051
61.2051
61.2051
61.2051
61.2051
61.2051
61.2051
61.2051
61.2051
61.2051
61.2051
61.2051
61.2051
61.2051
61.2051
61.2051
61.2051
61.2051
61.2051
61.2051
61.2051
61.2051
61.2051
61.2051
61.2051
61.2051
61.2051
61.2051
61.2051
61.2051
61.2051
61.2051
61.2051
61.2051
61.2051
61.2051
61.2051
61.2051
61.2051
61.2051
61.2051
61.2051
61.2051
61.2051
61.1517
60.9132
60.5605
60.3157
60.3157
60.3157
60.3157
60.3157
60.3157
60.3157
60.3157
60.3157
60.3157
60.3157
60.3157
60.3157
60.3157
60.3157
60.3157
60.3157
60.3157
60.3157
60.3157
60.3157
60.3157
60.3157
60.3157
60.3157
60.3157
60.3157
60.3157
60.3157
60.3157
60.3143
60.2797
60.1703
60.0331
59.9694
59.9687
59.9571
59.9057
59.8304
59.7982
59.7982
59.7982
59.7982
59.7982
59.7982
59.7982
59.7982
59.7982
59.7982
59.7982
59.7982
59.7982
59.7982
59.7982
59.7982
59.7982
59.7982
59.7982
59.7982
59.7982
59.7982
59.7982
59.7982
59.7982
59.7982
59.7982
59.7982
59.7982
59.7982
59.7982
59.7982
59.7982
59.7982
59.7982
59.7982
59.7982
59.7982
59.7982
59.7982
59.7982
59.7982
59.7982
59.7982
59.7982
59.7982
59.7982
59.7982
59.7982
59.7982
59.7982
59.7982
59.7982
59.7982
59.7982
59.7982
59.7982
59.7982
59.7982
59.7982
59.7982
59.7982
59.7982
59.7982
59.7982
59.7982
59.7982
59.7982
59.7982
59.7982
59.7982
59.7982
59.7982
59.7982
59.7982
59.7982
59.7976
59.7821
59.733
59.6735
59.6367
59.6367
59.6367
59.6367
59.6367
59.6367
59.6367
59.6367
59.6367
59.6367
59.6367
59.6367
59.6367
59.6364
59.6309
59.6154
59.5845
59.5676
59.5676
59.5676
59.5674
59.5646
59.5538
59.5386
59.528
59.528
59.528
59.528
59.528
59.528
59.528
59.528
59.528
59.528
59.528
59.528
59.528
59.528
59.528
59.528
59.528
59.528
59.528
59.528
59.528
59.528
59.528
59.528
59.528
59.528
59.528
59.528
59.528
59.528
59.528
59.528
59.528
59.528
59.528
59.528
59.528
59.528
59.528
59.528
59.528
59.528
59.528
59.528
59.528
59.528
59.528
59.528
59.528
59.528
59.528
59.528
59.528
59.528
59.4901
59.3501
59.1853
59.1161
59.1161
59.1161
59.1161
59.1161
59.1161
59.1161
59.1161
59.1161
59.1154
59.1135
59.1111
59.1097
59.1097
59.1097
59.1097
59.1097
59.1097
59.1097
59.1097
59.1097
59.1097
59.1097
59.1097
59.1097
59.1097
59.1097
59.1097
59.1097
59.1097
59.1097
59.1097
59.1097
59.1097
59.1097
59.1097
59.1097
59.1097
59.1097
59.1097
59.1097
59.1097
59.1097
59.1097
59.1097
59.1097
59.1097
59.0979
59.0552
58.995
58.9393
58.9122
58.8878
58.8809
58.8809
58.8809
58.8809
58.8809
58.8809
58.8809
58.8809
58.8809
58.8809
58.8809
58.8802
58.868
58.8124
58.7533
58.7112
58.7112
58.7112
58.7112
58.7112
58.7112
58.7112
58.7112
58.7112
58.7112
58.7112
58.7112
58.7112
58.7112
58.7112
58.7112
58.7112
58.7112
58.7112
58.7112
58.7112
58.7112
58.7112
58.7112
58.7112
58.7112
58.7112
58.7112
58.7112
58.7112
58.7112
58.7112
58.7112
58.7112
58.7112
58.7112
58.7112
58.7112
58.7112
58.7112
58.7112
58.7112
58.7112
58.7112
58.7112
58.7112
58.7112
58.7112
58.7112
58.7112
58.7112
58.7112
58.7112
58.7112
58.7112
58.7112
58.7112
58.7112
58.7112
58.7112
58.7112
58.7112
58.7112
58.7112
58.7112
58.7112
58.7112
58.7112
58.7112
58.7112
58.7112
58.7112
58.7112
58.7112
58.7112
58.7112
58.7112
58.7112
58.7112
58.7112
58.7112
58.7112
58.7112
58.7112
58.7112
58.7112
58.7112
58.7112
58.7112
58.7112
58.7112
58.7112
58.7112
58.7112
58.7112
58.7112
58.7112
58.7112
58.7112
58.7112
58.7112
58.7112
58.7112
58.7112
58.7112
58.7112
58.7112
58.7112
58.7112
58.7112
58.7112
58.7112
58.7112
58.7112
58.7112
58.7112
58.7112
58.7112
58.7112
58.7112
58.7112
58.7112
58.7112
58.7112
58.7112
58.7112
58.7112
58.7112
58.7112
58.6297
58.3267
57.7965
57.3107
57.2547
57.2547
57.2547
57.2547
57.2547
57.2547
57.2547
57.2547
57.2547
57.2547
57.2547
57.2547
57.2547
57.2547
57.2547
57.2547
57.2547
57.2547
57.2547
57.2547
57.2547
57.2547
57.2547
57.2547
57.2547
57.2547
57.2547
57.2547
57.2547
57.2547
57.2547
57.2547
57.2547
57.2547
57.2547
57.2547
57.2547
57.2547
57.2547
57.2547
57.2547
57.2547
57.2547
57.2547
57.2547
57.2547
57.2547
57.2547
57.2547
57.2547
57.2547
57.2547
57.2547
57.2547
57.2547
57.2547
57.2547
57.2547
57.2547
57.2547
57.2547
57.2547
57.2547
57.2547
57.2547
57.2547
57.2547
57.2547
57.2547
57.2547
57.2547
57.2547
57.2547
57.2547
57.2547
57.2547
57.2547
57.2547
57.2547
57.2547
57.2547
57.2547
57.2547
57.2547
57.2547
57.2547
57.2547
57.2547
57.2547
57.2547
57.2547
57.2547
57.2547
57.2547
57.2547
57.2547
57.2547
57.2547
57.2547
57.2547
57.2547
57.2547
57.2547
57.2547
57.2547
57.2547
57.2547
57.2547
57.2547
57.2547
57.2547
57.2547
57.2547
57.2547
57.2547
57.2547
57.2547
57.2547
57.2547
57.2547
57.2547
57.2547
57.2547
57.2547
57.2547
57.2547
57.2547
57.2547
57.2547
57.2547
57.2547
57.2547
57.2547
57.2547
57.2547
57.2547
57.2547
57.2547
57.2547
57.2547
57.2547
57.2547
57.2547
57.2547
57.2547
57.2547
57.2271
57.1481
57.0747
57.0166
57.0166
57.0166
57.0166
57.0166
57.0166
57.0166
57.0166
57.0166
57.0166
57.0166
57.0166
57.0166
57.0166
57.0166
57.0166
57.0166
57.0166
57.0166
57.0166
57.0166
57.0166
57.0166
57.0166
57.0166
57.0166
57.0166
57.0166
57.0166
57.0166
57.0166
57.0166
57.0166
57.0166
57.0166
57.0166
57.0166
57.0166
57.0166
57.0166
57.0166
57.0166
57.0166
57.0166
57.0166
57.0166
57.0166
57.0068
56.9732
56.9298
56.9102
56.9102
56.9102
56.9102
56.9102
56.9102
56.9102
56.9102
56.9102
56.9102
56.9102
56.9102
56.9102
56.9102
56.9102
56.9102
56.9102
56.9102
56.9102
56.9102
56.9102
56.9102
56.9102
56.9102
56.9102
56.9102
56.9102
56.9102
56.9102
56.9102
56.9102
56.9102
56.9102
56.9102
56.9102
56.9102
56.9102
56.9102
56.9102
56.9102
56.9102
56.9102
56.9102
56.9102
56.9102
56.9102
56.9102
56.8826
56.7654
56.6123
56.5654
56.5654
56.5654
56.5654
56.5654
56.5654
56.5654
56.5654
56.5654
56.5654
56.5654
56.5654
56.5654
56.5654
56.5654
56.5654
56.5654
56.5654
56.5654
56.5654
56.5654
56.5654
56.5654
56.5654
56.5654
56.5654
56.5654
56.5654
56.5654
56.5654
56.5654
56.5654
56.5654
56.5654
56.5654
56.5654
56.5654
56.5654
56.5654
56.5654
56.5654
56.5654
56.5654
56.5654
56.5654
56.5654
56.5654
56.5607
56.5449
56.5224
56.5147
56.5147
56.5147
56.5147
56.5147
56.5147
56.5147
56.5147
56.5147
56.5147
56.5147
56.5147
56.5147
56.5147
56.5147
56.5147
56.5147
56.5147
56.5147
56.5147
56.5147
56.5147
56.5147
56.5147
56.5147
56.5147
56.5147
56.5147
56.5147
56.5147
56.5147
56.5147
56.5147
56.5147
56.5147
56.5147
56.5147
56.5147
56.5147
56.5147
56.5147
56.5147
56.5147
56.5147
56.5147
56.5147
56.5147
56.4876
56.3939
56.2378
56.1754
56.1754
56.1754
56.1754
56.1754
56.1754
56.1754
56.1754
56.1754
56.1754
56.1754
56.1754
56.1754
56.1754
56.1754
56.1754
56.1754
56.1754
56.1754
56.1754
56.1754
56.1754
56.1754
56.1754
56.1754
56.1754
56.1754
56.1754
56.1754
56.1754
56.1754
56.1754
56.1754
56.1754
56.1754
56.1754
56.1754
56.1754
56.1754
56.1754
56.1754
56.1754
56.1754
56.1754
56.1754
56.1754
56.1754
56.1754
56.1754
56.1754
56.1754
56.1754
56.1754
56.1754
56.1754
56.1754
56.1754
56.1754
56.1754
56.1754
56.1754
56.1754
56.1754
56.1754
56.1754
56.1754
56.1754
56.1754
56.1754
56.1754
56.1754
56.1754
56.1754
56.1754
56.1754
56.1754
56.1754
56.1754
56.1754
56.1754
56.1754
56.1754
56.1754
56.1754
56.1754
56.1754
56.1754
56.1754
56.1754
56.1754
56.1754
56.1754
56.1754
56.1754
56.1754
56.1754
56.1754
56.1754
56.1754
56.1754
56.1754
56.1754
56.1754
56.1754
56.1754
56.1754
56.1754
56.1754
56.1754
56.1754
56.1754
56.1754
56.1754
56.1754
56.1754
56.1754
56.1754
56.1754
56.1754
56.1754
56.1754
56.1754
56.1754
56.1754
56.1754
56.1754
56.1754
56.1754
56.1754
56.1754
56.1754
56.1754
56.1754
56.1754
56.1754
56.1754
56.1754
56.1754
56.1754
56.1754
56.1754
56.1754
56.1754
56.1754
56.1754
56.1754
56.1754
56.1639
56.1269
56.0843
56.069
56.069
56.069
56.069
56.069
56.069
56.069
56.069
56.069
56.069
56.069
56.069
56.069
56.069
56.069
56.069
56.069
56.069
56.069
56.069
56.0677
56.0497
55.9459
55.8216
55.7485
55.7485
55.7485
55.7485
55.7485
55.7485
55.7485
55.7485
55.7485
55.7485
55.7485
55.7485
55.7485
55.7485
55.7485
55.7485
55.7485
55.7485
55.7485
55.7485
55.7485
55.7485
