2769.8
2663.19
2604.31
2567.33
2504.03
2428.7
2374.96
2328.26
2281.77
2261.48
2224.28
2182.18
2132.06
2113.13
2092.64
2060.19
2007.11
1962.86
1931.18
1902.43
1859.32
1796.81
1749.52
1726.71
1708.05
1672.22
1630.49
1594.92
1564.22
1550.07
1526.91
1507.85
1491.23
1470.95
1447.24
1429.56
1407.33
1386.32
1380.84
1375.72
1367.6
1351.22
1335.18
1323.56
1307.17
1288.94
1278.45
1266.33
1254.5
1242.07
1221.85
1207.79
1196.04
1182.53
1172.36
1165.3
1156.15
1137.31
1115.27
1104.97
1099.91
1093.47
1081.87
1069.11
1060.78
1051.34
1042.27
1035.76
1024.69
1011.4
990.262
971.527
949.556
943.852
938.978
929.528
917.052
908.597
900.389
890.104
882.245
873.472
859.217
846.429
841.016
839.57
834.771
827.715
821.05
811.239
802.525
794.27
778.418
766.347
756.436
747.156
744.128
741.697
736.693
730.289
723.633
715.455
698.991
681.273
670.141
662.363
652.961
647.538
642.229
634.329
622.221
611.26
603.149
596.287
589.406
586.232
583.819
581.64
578.082
575.299
573.21
571.728
569.524
564.577
559.741
556.802
552.45
541.619
530.572
527.335
525.153
522.849
520.535
517.769
513.659
505.585
497.948
490.292
490.053
489.282
487.212
482.228
475.962
473.456
470.288
466.124
463.206
462.405
459.424
454.671
452.429
451.286
449.788
447.793
445.569
440.812
433.058
427.11
420.928
417.188
412.796
409.898
408.112
406.1
404.479
403.434
402.565
401.252
399.984
397.426
394.671
392.505
389.251
386.243
384.333
383.307
381.32
379.406
377.445
374.736
371.302
369.622
368.804
367.446
365.477
364.34
362.622
360.38
357.377
353.516
349.09
344.442
341.409
337.483
332.767
331.261
330.713
330.015
329.614
328.778
327.315
325.728
324.268
323.894
323.767
322.79
320.736
318.21
315.51
312.698
311.126
310.773
310.139
309.551
308.296
305.768
302.146
298.941
295.687
292.336
286.478
283.622
283.06
282.779
282.122
281.273
280.328
278.975
277.296
275.903
275.074
273.527
270.558
266.551
264.113
262.808
262.088
260.629
259.273
258.246
257.221
255.373
251.037
246.445
244.262
244.179
243.707
242.404
241.106
240.154
240.086
239.732
239.203
238.499
237.74
236.703
236.273
236.254
236.092
235.485
234.526
233.718
231.571
228.909
227.868
227.375
225.406
222.429
220.63
220.204
218.598
216.061
215.315
214.969
213.745
212.211
211.295
210.84
210.05
209.007
208.104
207.406
205.957
203.996
202.744
202.299
201.462
200.572
198.554
195.175
193.985
193.908
193.546
192.979
192.483
191.739
190.762
189.613
188.412
187.481
186.76
186.168
186.042
185.928
185.496
184.842
184.626
184.626
184.626
184.623
184.562
184.351
183.916
183.125
181.306
179.284
178.384
178.346
178.269
177.721
176.477
174.217
172.977
172.976
172.952
172.584
171.402
169.875
169.484
169.235
168.611
167.933
167.637
166.929
166.214
165.714
165.009
163.538
162.426
162.044
162.041
161.973
161.732
161.284
161.023
160.938
160.938
160.936
160.884
160.686
160.352
158.883
153.079
145.317
143.04
142.773
141.826
140.755
140.433
140.305
140.122
139.825
139.288
138.866
138.511
137.594
136.619
136.247
135.962
135.286
134.315
132.958
131.683
130.741
129.999
129.712
129.712
129.712
129.712
129.712
129.696
129.45
128.668
127.716
127.53
127.485
127.328
127.056
126.867
126.867
126.867
126.862
126.78
126.514
125.935
125.003
124.044
123.281
122.542
121.832
120.648
118.808
117.009
116.408
116.408
116.398
116.232
115.696
114.845
114.302
113.979
113.85
113.695
113.249
112.429
112.109
111.846
111.705
111.688
111.62
111.372
110.944
110.727
110.643
110.145
109.333
109.116
109.113
109.07
108.894
108.681
108.618
108.618
108.618
108.61
108.454
107.808
106.836
106.477
106.365
106.314
106.314
106.314
106.301
106.116
105.323
103.898
103.238
103.212
103.114
102.981
102.702
101.683
100.073
99.2517
99.0671
98.8431
98.6757
98.4154
98.1261
97.91
97.678
97.2698
96.944
96.772
96.6012
96.5033
96.4578
96.4578
96.4578
96.4578
96.4578
96.4578
96.4578
96.4578
96.4574
96.4476
96.3982
96.2608
96.1331
96.0459
96.0002
95.8198
95.5914
95.4771
95.4771
95.4705
95.3511
94.8468
94.2429
93.8183
93.8172
93.7963
93.6341
93.2563
92.907
92.4247
91.9565
91.4691
90.4448
89.2669
88.8123
88.3932
87.8709
87.2304
87.2304
87.2228
87.0695
86.6002
86.0431
85.8602
85.8579
85.813
85.6382
85.3761
85.2698
85.2698
85.2686
85.2396
85.1503
85.0307
84.9551
84.9551
84.9541
84.9365
84.8475
84.745
84.6912
84.6038
84.2954
83.7347
83.4114
83.4114
83.4114
83.4089
83.3617
83.2128
83.0161
82.9381
82.9362
82.903
82.7948
82.6408
82.5827
82.5822
82.5667
82.4137
81.95
81.4187
81.2474
81.2474
81.2474
81.2474
81.2474
81.2474
81.2448
81.2057
80.979
80.7105
80.5959
80.5917
80.5326
80.275
79.933
79.5403
79.5403
79.5403
79.5325
79.4144
78.9658
78.0607
77.5727
77.5727
77.5727
77.5727
77.5727
77.5727
77.5723
77.5655
77.5348
77.4746
77.3852
77.153
76.7845
76.6985
76.6985
76.6963
76.6395
76.4761
76.2424
76.1273
76.0406
75.6822
75.3001
75.1465
75.1465
75.1433
75.0858
74.8811
74.5197
74.3471
74.3471
74.3471
74.3471
74.3471
74.3471
74.3471
74.3471
74.3462
74.3234
74.2572
74.1641
74.1429
74.1429
74.141
74.0967
73.9461
73.7463
73.6625
73.6625
73.6625
73.6625
73.6625
73.6625
73.6625
73.6625
73.6625
73.6625
73.6625
73.6625
73.6538
73.4781
72.9901
72.0594
71.4929
71.4929
71.4929
71.4927
71.4878
71.4701
71.4403
71.4251
71.4251
71.4251
71.4251
71.4251
71.4251
71.4251
71.4251
71.4251
71.4251
71.4251
71.4251
71.4251
71.4251
71.4251
71.4251
71.4251
71.4251
71.4251
71.4251
71.4251
71.4251
71.4251
71.4251
71.4251
71.4251
71.4251
71.4251
71.4251
71.4251
71.4251
71.4251
71.4169
71.2626
70.6608
69.6606
69.3922
69.3922
69.3922
69.3922
69.3922
69.3922
69.3922
69.3922
69.3922
69.3922
69.3922
69.3922
69.3922
69.3921
69.3904
69.385
69.3756
69.3713
69.3713
69.3713
69.3713
69.3713
69.3713
69.3713
69.3713
69.3713
69.3713
69.3713
69.3713
69.3713
69.3713
69.3713
69.3713
69.3713
69.3713
69.3713
69.3713
69.3713
69.3713
69.3709
69.365
69.3282
69.2758
69.2489
69.2451
69.1535
68.8356
68.4871
68.2951
68.2951
68.2951
68.2951
68.2948
68.2886
68.2573
68.2187
68.1986
68.1969
68.1852
68.0894
67.8946
67.7787
67.7787
67.7787
67.7787
67.7787
67.7787
67.7787
67.7787
67.7787
67.7787
67.7787
67.7787
67.7787
67.7787
67.7787
67.7787
67.7787
67.7787
67.7787
67.7787
67.7787
67.7787
67.7787
67.7787
67.7787
67.7787
67.7787
67.7787
67.7787
67.7787
67.7787
67.7787
67.775
67.7081
67.4107
66.9832
66.8493
66.8493
66.8493
66.8493
66.8493
66.8483
66.8258
66.7504
66.6652
66.6044
66.6044
66.6044
66.6044
66.6044
66.6044
66.6037
66.5905
66.5407
66.4653
66.403
66.3667
66.3389
66.3389
66.3389
66.3389
66.3367
66.3085
66.1776
65.9638
65.7968
65.7968
65.7968
65.7968
65.7968
65.7968
65.7968
65.7968
65.7968
65.7968
65.7912
65.6953
65.417
65.1424
65.0894
65.0894
65.0894
65.0894
65.0894
65.0894
65.0894
65.0894
65.0893
65.0884
65.0848
65.0804
65.0779
65.0755
65.066
65.051
65.0385
65.0385
65.0385
65.0378
65.0257
64.974
64.9068
64.8615
64.8615
64.8615
64.8615
64.8615
64.8615
64.8615
64.8615
64.8615
64.8615
64.8615
64.8615
64.8615
64.8615
64.8602
64.8397
64.7525
64.5934
64.5408
64.5408
64.5408
64.5408
64.5408
64.5408
64.5408
64.5408
64.5408
64.5408
64.5408
64.5408
64.5408
64.5408
64.5408
64.5408
64.5408
64.5408
64.5408
64.5408
64.5408
64.5408
64.5408
64.5408
64.5408
64.5397
64.5134
64.427
64.3033
64.2671
64.2668
64.2607
64.2326
64.1921
64.1724
64.1724
64.1724
64.1724
64.1724
64.1724
64.1724
64.1724
64.1724
64.066
63.729
63.3005
63.0208
63.0208
63.0208
63.0208
63.0208
63.0208
63.0208
63.0208
63.0208
63.0208
63.0208
63.0208
63.0208
63.0208
63.0208
63.0208
63.0208
63.0208
63.0208
63.0208
63.0208
63.0208
63.0208
63.0208
63.0207
63.0174
63.0045
62.9856
62.9796
62.9796
62.9796
62.9796
62.9796
62.9796
62.9796
62.9796
62.9796
62.9796
62.9796
62.9796
62.9796
62.9796
62.9796
62.9796
62.9796
62.9796
62.9796
62.9758
62.9605
62.9363
62.9198
62.9198
62.9198
62.9198
62.9184
62.8854
62.7792
62.6414
62.561
62.561
62.561
62.561
62.561
62.5605
62.5525
62.5187
62.4701
62.4421
62.4421
62.4421
62.4421
62.4421
62.4421
62.4421
62.4421
62.4421
62.4421
62.4421
62.4421
62.4421
62.4421
62.4421
62.4421
62.4421
62.4421
62.4421
62.4421
62.442
62.4418
62.4416
62.4415
62.4415
62.4415
62.4415
62.4415
62.4415
62.4415
62.3648
62.0859
61.8095
61.6745
61.6745
61.6745
61.6745
61.6745
61.6745
61.6745
61.6745
61.6745
61.6745
61.6745
61.6745
61.6745
61.6745
61.6745
61.6745
61.6745
61.6745
61.6745
61.6745
61.6745
61.6745
61.6745
61.6745
61.6745
61.6745
61.6745
61.6745
61.6745
61.6745
61.6745
61.6745
61.6745
61.6745
61.6745
61.6745
61.6745
61.6745
61.6745
61.6745
61.6745
61.6745
61.6745
61.6745
61.6745
61.6745
61.6745
61.6745
61.6745
61.6745
61.6745
61.6745
61.6745
61.6745
61.6745
61.6744
61.671
61.6586
61.645
61.6393
61.6393
61.6393
61.6393
61.6393
61.6393
61.6393
61.6393
61.6393
61.6393
61.6393
61.6393
61.6393
61.6393
61.6393
61.6393
61.6393
61.6393
61.6393
61.6393
61.6393
61.6389
61.6322
61.6027
61.5523
61.5204
61.5204
61.5204
61.5204
61.5204
61.5204
61.5204
61.5204
61.5204
61.5204
61.5204
61.5204
61.5204
61.4925
61.3452
61.1441
61.0226
61.0226
61.0226
61.0226
61.0226
61.0226
61.0226
61.0226
61.0226
61.0226
61.0226
61.0226
61.0226
61.0226
61.0226
61.0226
61.0226
61.0226
61.0226
61.0226
61.0226
61.0212
60.9954
60.8783
60.7286
60.6824
60.6824
60.6824
60.6824
60.6824
60.6824
60.6824
60.6824
60.6824
60.6824
60.6824
60.6824
60.6824
60.6824
60.6824
60.6824
60.6824
60.6824
60.6824
60.6824
60.6824
60.6824
60.6479
60.5345
60.3489
60.2717
60.2717
60.2717
60.2717
60.2717
60.2717
60.2717
60.2717
60.2717
60.2717
60.2717
60.2717
60.2717
60.2717
60.2717
60.2717
60.2717
60.2717
60.2717
60.2717
60.2717
60.2717
60.2717
60.2717
60.2717
60.2717
60.2717
60.2717
60.2717
60.2717
60.2717
60.2717
60.2717
60.2717
60.2717
60.2717
60.2717
60.2717
60.2717
60.2717
60.2717
60.2717
60.2717
60.2717
60.2717
60.2717
60.2717
60.2374
60.1117
59.9307
59.7955
59.7955
59.7955
59.7955
59.7955
59.7955
59.7955
59.7955
59.7955
59.7955
59.7955
59.7955
59.7955
59.7955
59.7955
59.7955
59.7955
59.7955
59.7955
59.7955
59.7955
59.7955
59.7955
59.7955
59.7955
59.7955
59.7955
59.7955
59.7955
59.7955
59.7955
59.7955
59.7955
59.7955
59.7955
59.7955
59.7948
59.7833
59.7324
59.6611
59.6258
59.6258
59.6258
59.6258
59.6258
59.6258
59.6258
59.6258
59.6258
59.6258
59.6258
59.6258
59.6258
59.6258
59.6258
59.6258
59.6258
59.6258
59.6258
59.6258
59.6258
59.6258
59.6258
59.6258
59.6258
59.6258
59.6258
59.6258
59.6258
59.6258
59.6258
59.6258
59.6258
59.6258
59.6258
59.6258
59.6258
59.6258
59.6258
59.6258
59.6258
59.6258
59.6258
59.6258
59.6258
59.6258
59.6258
59.6258
59.6258
59.6258
59.6258
59.6258
59.6258
59.6258
59.6258
59.6258
59.6258
59.5478
59.2537
58.8639
58.7398
58.7398
58.7398
58.7398
58.7396
58.7389
58.7378
58.7371
58.7371
58.7371
58.7371
58.7371
58.7371
58.7371
58.7371
58.7371
58.7371
58.7371
58.7371
58.7371
58.7371
58.7371
58.7371
58.7371
58.7371
58.7371
58.7371
58.7371
58.7371
58.7371
58.7371
58.7352
58.7077
58.5803
58.3823
58.2471
58.2471
58.2471
58.2471
58.2471
58.2471
58.2471
58.2471
58.2471
58.2471
58.2471
58.2471
58.2471
58.2471
58.2471
58.2471
58.2471
58.2471
58.2471
58.2471
58.2471
58.2471
58.2471
58.2464
58.2369
58.1941
58.131
58.0774
58.0774
58.0774
58.0774
58.0774
58.0774
58.0774
58.0774
58.0774
58.0774
58.0774
58.0774
58.0774
58.0774
58.0774
58.0774
58.0774
58.0774
58.0774
58.0774
58.0774
58.0774
58.0774
58.0774
58.0774
58.0774
58.0774
58.0774
58.0774
58.0774
58.0774
58.0774
58.0774
58.0774
58.0774
58.0774
58.0774
58.0774
58.0774
58.0774
58.0774
58.0774
58.0774
58.0774
58.0774
58.0774
58.0774
58.0774
58.0774
58.0774
58.0774
58.0774
58.0774
58.0774
58.0774
58.0774
58.0774
58.0774
58.0774
58.0774
58.0774
58.0774
58.0774
58.0774
58.0774
58.0774
58.0774
58.0774
58.0774
58.0774
58.0774
58.0774
58.0774
58.0774
58.0774
58.0774
58.0774
58.0774
58.0745
58.0201
57.7909
57.4529
57.3612
57.3612
57.3612
57.3612
57.3612
57.3612
57.3612
57.3612
57.3612
57.3612
57.3612
57.3612
57.3612
57.3612
57.3612
57.3598
57.3378
57.2592
57.12
57.0166
57.0166
57.0166
57.0166
57.0166
57.0166
57.0166
57.0166
57.0166
57.0166
57.0166
57.0166
57.0166
57.0166
57.0166
57.0166
57.0166
57.0166
57.0166
57.0166
57.0166
57.0166
57.0166
57.0166
57.0166
57.0166
57.0166
57.0166
57.0166
57.0166
57.0166
57.0166
57.0166
57.0166
57.0166
57.0166
57.0166
57.0166
57.0166
57.0166
57.0166
57.0166
57.0166
57.0166
57.0166
57.0166
57.0166
57.0166
57.0166
57.0166
57.0166
57.0166
57.0166
57.0166
57.0166
57.0166
57.0166
57.0166
57.0166
57.0166
57.0166
57.0166
57.0166
57.0166
57.0166
57.0166
57.0166
57.0166
57.0166
57.0166
57.0166
57.0166
57.0166
57.0166
57.0166
57.0166
57.0166
57.0166
57.0166
57.0166
57.0166
57.0166
57.0166
57.0166
57.0166
57.0166
57.0166
57.0166
57.0166
57.0166
57.0166
57.0166
57.0166
57.0166
57.0166
57.0166
57.0166
57.0166
57.0166
57.0166
57.0166
57.0166
57.0166
57.0166
57.0166
57.0166
57.0166
57.0166
57.0166
57.0166
57.0166
57.0166
57.0166
57.0166
57.0166
57.0166
57.0166
57.0166
57.0166
57.0166
57.0166
57.0166
57.0166
57.0166
57.0166
57.0166
57.0166
57.0166
57.0166
57.0166
57.0166
57.0166
57.0166
57.0166
57.0077
56.9783
56.9332
56.9102
56.9102
56.9102
56.9102
56.9102
56.9102
56.9102
56.9102
56.9102
56.9102
56.9102
56.9102
56.9102
56.9102
56.9102
56.9102
56.9102
56.9102
56.9102
56.9102
56.9102
56.9102
56.9102
56.9102
56.9102
56.9102
56.9102
56.9102
56.9102
56.9102
56.9102
56.9102
56.9102
56.9102
56.9102
56.9102
56.9102
56.9102
56.9102
56.9102
56.9102
56.9102
56.9102
56.9102
56.9102
56.9102
56.9102
56.9102
56.9102
56.9102
56.9102
56.9102
56.9102
56.9102
56.9102
56.9102
56.9102
56.9102
56.9102
56.9102
56.9102
56.9102
56.9102
56.9102
56.9102
56.9102
56.9102
56.9102
56.9102
56.9102
56.9102
56.9102
56.9102
56.9102
56.9102
56.9102
56.9102
56.9102
56.9102
56.9102
56.9102
56.9102
56.9102
56.9102
56.9102
56.9102
56.9102
56.9102
56.9102
56.9102
56.9102
56.9102
56.9102
56.9102
56.9102
56.9102
56.9102
56.9102
56.9102
56.9102
56.9102
56.9102
56.9102
56.9102
56.9102
56.9102
56.9102
56.9102
56.9102
56.9102
56.9102
56.9102
56.9102
56.9102
56.9102
56.9102
56.9102
56.9102
56.9102
56.9102
56.9102
56.9102
56.9102
56.9102
56.9102
56.9102
56.9102
56.9102
56.9102
56.9102
56.9102
56.9102
56.9102
56.9102
56.9102
56.9102
56.9102
56.9102
56.9102
56.9102
56.9102
56.9102
56.9102
56.9102
56.9102
56.9102
56.9102
56.8651
56.7278
56.5023
56.4199
56.4199
56.4199
56.4199
56.4199
56.4199
56.4199
56.4199
56.4199
56.4199
56.4199
56.4199
56.4199
56.4199
56.4199
56.4199
56.4199
56.4199
56.4199
56.4199
56.4199
56.4199
56.4199
56.4199
56.4199
56.4199
56.4199
56.4199
56.4199
56.4199
56.4199
56.4199
56.4199
56.4199
56.4199
56.4199
56.4199
56.4199
56.4199
56.4199
56.4199
56.4199
56.4199
56.4199
56.4199
56.4199
56.4199
56.4199
56.4199
56.4199
56.4199
56.4199
56.4199
56.4199
56.4199
56.4199
56.4199
56.4199
56.4199
56.4199
56.4199
56.4199
56.4199
56.4199
56.4199
56.4199
56.4199
56.4199
56.4199
56.4199
56.4199
56.4199
56.4199
56.4199
56.4199
56.4199
56.4199
56.4199
56.4199
56.4199
56.4199
56.4199
56.4199
56.4199
56.4199
56.4199
56.4199
56.4199
56.4199
56.4199
56.4199
56.4199
56.4199
56.4199
56.4199
56.4199
56.4199
56.4199
56.4199
56.4199
56.4199
56.4199
56.4199
56.4199
56.4199
56.4199
56.4199
56.4199
56.4199
56.4199
56.4199
56.4199
56.4199
56.4199
56.4199
56.4199
56.4199
56.4199
56.4199
56.4199
56.4199
56.4199
56.4199
56.4199
56.4199
56.4199
56.4199
56.4199
56.4199
56.4199
56.4199
56.4199
56.4199
56.4199
56.4199
56.4199
56.4199
56.4199
56.4199
56.4199
56.4199
56.4192
56.4068
56.3427
56.2728
56.2378
56.2378
56.2378
56.2378
56.2378
56.2378
56.2378
56.2378
56.2378
56.2378
56.2378
56.2378
56.2378
56.2378
56.2378
56.2378
56.2378
56.2378
56.2378
56.2378
56.2378
56.2378
56.2378
56.2378
56.2378
56.2378
56.2378
56.2378
56.2378
56.2378
56.2378
56.2378
56.2378
56.2378
56.2378
56.2378
56.2378
56.2378
56.2378
56.2378
56.2378
56.2378
56.2378
56.2378
56.2378
56.2378
56.2378
56.2378
56.2378
56.2378
56.2378
56.2378
56.1844
55.96
55.6876
55.5701
55.5701
55.5701
55.5701
55.5701
55.5701
55.5701
55.5701
55.5701
55.5701
55.5701
55.5701
55.5701
55.5701
55.5701
55.5701
55.5701
55.5701
55.5701
55.5701
55.5701
55.5701
55.5701
55.5701
55.5701
55.5701
55.5701
55.5701
55.5701
55.5701
55.5701
55.5701
55.5701
55.5701
55.5701
55.5701
55.5701
55.5701
55.5701
55.5701
55.5701
55.5701
55.5701
55.5701
55.5701
55.5701
