2767.29
2578.96
2474.57
2432.56
2409.75
2390.95
2367.23
2331.66
2288.77
2233.07
2197.69
2165.13
2144.72
2125.3
2088.18
2043.43
1995.2
1972.21
1944.71
1925.28
1903.92
1881.78
1862.96
1843.52
1823.92
1771.8
1705.35
1682.74
1671.16
1662.06
1645.06
1605.1
1569.29
1555.81
1538.21
1518.27
1498.46
1479.93
1471.34
1460.6
1444.78
1414.9
1381.28
1361.41
1342.34
1319.31
1313.38
1300.91
1283.52
1274.3
1266.58
1254.42
1224.72
1184.31
1170.46
1158.77
1151.01
1142.03
1130.08
1119.7
1111.86
1104.27
1093.76
1070.88
1050.28
1029.14
1008.35
986.398
979.618
975.696
968.878
961.271
956.183
952.787
946.602
935.582
926.309
923.239
921.128
916.282
909.41
900.304
888.22
879.199
865.998
843.225
823.865
812.732
803.1
796.08
787.875
782.002
778.38
770.989
764.592
760.812
749.516
738.263
732.189
726.635
719.212
710.781
699.494
688.31
673.95
659.861
658.683
657.65
653.914
644.915
630.623
615.966
609.412
603.238
594.261
589.187
584.873
578.743
571.287
570.217
567.777
563.075
557.363
554.902
552.437
549.258
546.239
543.376
538.265
526.88
512.819
504.894
496.233
479.77
453.662
447.256
444.953
441.5
438.106
437.463
436.982
436.259
435.045
432.698
429.109
424.555
421.689
418.734
415.798
413.977
411.448
408.336
407.252
406.759
403.706
393.64
380.697
376.702
374.702
370.013
365.972
363.82
363.644
361.983
357.96
353.465
351.495
349.611
347.221
346.163
344.966
343.062
340.137
336.688
335.153
334.348
333.16
331.024
328.336
325.987
325.387
325.247
324.691
323.671
322.9
321.775
320.841
320.28
319.077
317.346
316.565
316.159
315.166
312.779
309.928
308.53
308.529
308.514
308.294
307.674
306.924
306.833
306.74
306.41
306.014
305.228
303.448
300.839
300.306
300.295
300.005
299.078
297.969
297.44
297.392
296.494
293.863
290.372
289.402
289.129
288.774
288.01
285.951
283.216
281.812
280.621
279.121
278.626
277.806
276.421
275.72
275.458
274.586
272.974
272.19
271.832
270.734
267.267
262.32
258.864
258.282
258.261
258.004
257.014
255.566
254.716
254.227
252.948
251.282
250.268
249.496
248.013
246.593
245.232
243.594
242.248
241.194
240.844
240.361
239.038
237.692
237.367
236.895
235.816
234.145
233.478
232.644
231.595
231.3
231.005
230.163
228.898
227.857
227.11
225.961
224.186
223.244
223.012
222.861
222.447
221.601
220.921
220.609
220.533
220.264
219.826
219.301
218.86
218.481
218.266
217.364
215.866
214.907
214.753
214.261
213.358
212.324
212.017
211.69
211.455
211.239
210.853
210.623
210.621
210.564
210.36
209.905
209.334
208.419
207.326
206.233
205.798
205.564
205.133
204.783
204.719
204.694
204.65
204.599
204.479
203.981
201.686
197.481
195.943
195.932
195.741
194.998
194.13
193.672
193.569
193.19
192.561
192.18
191.469
190.172
188.892
188.266
188.26
188.176
187.897
187.242
186.115
184.206
183.595
183.595
183.593
183.568
183.44
183.146
182.678
181.945
181.12
180.837
180.698
179.997
178.2
176.318
175.593
175.4
175.376
175.266
175.074
174.843
174.401
173.807
173.561
173.525
173.405
173.256
173.19
173.19
173.19
173.19
173.19
173.181
173.08
172.688
172.16
171.536
170.926
169.84
168.457
167.62
167.492
167.424
167.399
167.32
167.173
166.305
163.569
159.71
158.28
157.923
157.5
157.297
157.297
157.295
157.238
157.036
156.619
156.354
156.286
156.265
156.165
155.995
155.873
155.854
155.845
155.801
155.541
154.988
154.226
153.933
153.933
153.933
153.933
153.933
153.918
153.656
152.959
151.786
151.444
151.258
151.178
151.171
151.077
150.611
149.816
149.5
149.5
149.5
149.456
148.534
145.295
140.56
138.522
138.507
138.324
137.851
137.318
136.846
136.479
135.888
135.736
135.704
135.637
135.541
135.475
135.271
134.981
134.63
134.254
133.98
133.476
132.941
132.189
130.415
127.869
126.749
126.633
126.531
126.531
126.531
126.531
126.531
126.529
126.471
126.333
126.109
125.93
125.733
125.361
125.144
124.812
124.336
123.896
123.058
122.121
121.691
121.691
121.689
121.658
121.565
121.438
121.391
121.391
121.391
121.391
121.391
121.38
121.186
120.453
119.296
118.698
118.698
118.698
118.696
118.672
118.55
118.378
118.088
117.518
116.622
116.113
115.93
115.17
113.993
113.588
113.588
113.586
113.55
113.434
113.255
113.096
112.912
112.443
111.953
111.744
111.71
111.71
111.71
111.71
111.707
111.602
111.284
110.929
110.785
110.785
110.785
110.785
110.785
110.785
110.785
110.785
110.785
110.785
110.785
110.785
110.782
110.738
110.525
110.23
110.086
110.086
110.086
110.086
110.077
109.907
109.411
108.703
108.389
108.389
108.389
108.389
108.385
108.317
108.035
107.563
107.334
107.331
107.26
107.032
106.736
106.563
106.556
106.408
105.988
105.286
104.862
104.862
104.862
104.862
104.862
104.861
104.821
104.67
104.467
104.327
104.23
104.114
103.996
103.826
103.479
102.55
101.558
101.148
101.051
100.604
100.158
99.8039
99.8039
99.8039
99.8039
99.8039
99.8039
99.8039
99.8039
99.8039
99.8039
99.8017
99.739
99.5517
99.2999
99.2284
99.168
99.1076
99.0811
99.0593
98.9712
98.8191
98.7625
98.7547
98.7308
98.6856
98.6645
98.6313
98.5017
98.301
98.2388
98.2224
98.1968
98.1844
98.1844
98.1844
98.1789
98.0908
97.6946
97.1662
96.8085
96.8085
96.8085
96.8085
96.8085
96.8085
96.8035
96.7087
96.306
95.9041
95.3795
95.1435
94.9835
94.8868
94.7629
94.6959
94.6959
94.6959
94.6959
94.6959
94.6878
94.582
94.1729
93.6811
93.4857
93.4857
93.4857
93.4857
93.4857
93.4857
93.4857
93.4857
93.4857
93.4857
93.4857
93.4857
93.4857
93.4857
93.4857
93.4856
93.4839
93.4741
93.4097
93.2377
92.9353
92.788
92.788
92.788
92.788
92.788
92.788
92.788
92.788
92.7876
92.7819
92.753
92.7069
92.6679
92.6679
92.6667
92.6507
92.5739
92.4592
92.3813
92.3813
92.3813
92.3813
92.3813
92.3813
92.3781
92.3181
92.1168
91.7566
91.5914
91.5879
91.5134
91.2333
90.8398
90.7047
90.6977
90.6688
90.6217
90.5943
90.55
90.4661
90.3411
90.2342
90.2146
90.2146
90.2146
90.2146
90.2146
90.2146
90.2146
90.2146
90.2133
90.1959
90.1063
89.9793
89.8804
89.8804
89.8804
89.8804
89.8804
89.8804
89.8804
89.8804
89.8804
89.8804
89.8804
89.8804
89.8804
89.8733
89.7532
89.2589
88.6259
88.1149
88.1149
88.1149
88.1149
88.1149
88.1149
88.1149
88.1149
88.1149
88.1149
88.1149
88.1149
88.1145
88.1067
88.0678
87.8952
87.2552
86.4295
86.0298
86.0298
86.0298
86.0298
86.0298
86.0298
86.0298
86.0298
86.0298
86.0298
86.0298
86.0284
85.999
85.8773
85.7233
85.6632
85.6632
85.6632
85.6632
85.6632
85.6632
85.6632
85.6632
85.6614
85.6248
85.4932
85.286
85.1973
85.1611
85.1047
85.0749
85.0354
84.9095
84.7153
84.6272
84.6269
84.6208
84.6006
84.5702
84.5518
84.5518
84.5496
84.4918
84.3418
84.1211
84.0162
84.0162
84.0162
84.0162
84.0162
84.0162
84.0162
84.0162
84.0162
84.0162
84.0158
84.0102
83.9815
83.9434
83.9279
83.9279
83.9279
83.9279
83.9279
83.9279
83.9279
83.9279
83.9279
83.9279
83.9279
83.9277
83.9251
83.915
83.8708
83.7537
83.585
83.5092
83.5092
83.5092
83.5092
83.5092
83.5092
83.5092
83.5092
83.5089
83.5047
83.4883
83.4637
83.4537
83.4518
83.3906
83.2254
83.0445
82.9898
82.9898
82.9898
82.9873
82.9476
82.7392
82.4737
82.3695
82.3695
82.3695
82.3689
82.3572
82.3025
82.2143
82.1
81.9872
81.9585
81.9585
81.9585
81.9585
81.9585
81.9585
81.9585
81.9585
81.9585
81.9585
81.9585
81.9585
81.9583
81.9546
81.9392
81.883
81.6576
81.2116
80.7215
80.5551
80.5551
80.5548
80.5485
80.5303
80.5046
80.4838
80.4838
80.4838
80.4838
80.4792
80.3921
80.0481
79.6098
79.3373
79.3373
79.3373
79.3373
79.3345
79.2947
79.1271
78.8308
78.6142
78.5755
78.5092
78.4654
78.4654
78.4654
78.4653
78.4642
78.4586
78.4507
78.4451
78.4451
78.4451
78.4429
78.3919
78.21
77.9905
77.89
77.8749
77.8233
77.7496
77.7186
77.7173
77.6835
77.574
77.405
77.3807
77.3802
77.3734
77.3483
77.3027
77.2742
77.2742
77.2742
77.2742
77.2742
77.2742
77.2742
77.2742
77.2742
77.2742
77.2742
77.2742
77.2742
77.2735
77.2636
77.2278
77.148
77.1084
77.1084
77.1084
77.1084
77.1084
77.1084
77.1084
77.1084
77.1084
77.1084
77.1084
77.1084
77.1084
77.1084
77.1084
77.1084
77.1084
77.1084
77.1084
77.1084
77.1084
77.1084
77.1084
77.1084
77.1084
77.1084
77.1084
77.1084
77.1084
77.1084
77.1084
77.1084
77.1084
77.1084
77.1084
77.1084
77.1084
77.1084
77.1084
77.1084
77.1084
77.1084
77.1084
77.1084
77.1084
77.1084
77.1084
77.1084
77.1084
77.1084
77.1084
77.1084
77.1084
77.1084
77.1084
77.1084
77.1084
77.1084
77.1084
77.1084
77.1084
77.1053
77.0395
76.7794
76.4034
76.3251
76.3251
76.3251
76.3251
76.3251
76.3251
76.3251
76.3251
76.3251
76.3251
76.3251
76.3251
76.3251
76.3251
76.3251
76.3251
76.3251
76.3251
76.3251
76.3211
76.2349
75.9716
75.6013
75.3187
75.3187
75.3187
75.3187
75.3187
75.3187
75.3187
75.3187
75.3185
75.314
75.2978
75.2699
75.2632
75.2632
75.2632
75.2632
75.2632
75.2632
75.2632
75.2632
75.2632
75.2632
75.2632
75.2632
75.2632
75.2632
75.2632
75.2632
75.2632
75.2632
75.2632
75.2632
75.2632
75.2632
75.2632
75.2632
75.2632
75.2632
75.2632
75.2632
75.2632
75.2632
75.2632
75.2632
75.2632
75.2632
75.2632
75.2632
75.2632
75.2632
75.2632
75.2632
75.2632
75.2632
75.2632
75.2632
75.2632
75.2632
75.2632
75.2632
75.2632
75.2632
75.2606
75.2009
74.9826
74.6794
74.4203
73.7571
72.7673
72.3111
72.3111
72.3111
72.3111
72.3106
72.3004
72.2581
72.1535
72.0171
71.8797
71.7846
71.7116
71.6193
71.5703
71.5703
71.5703
71.5703
71.5703
71.5703
71.5703
71.5703
71.5691
71.5443
71.4507
71.3057
71.2179
71.1592
71.1281
71.1281
71.1281
71.1281
71.1281
71.1281
71.1281
71.1281
71.1281
71.1281
71.1281
71.1281
71.1281
71.1281
71.1281
71.1281
71.1281
71.1281
71.1281
71.1281
71.1281
71.1281
71.1281
71.1281
71.1281
71.1281
71.1281
71.1281
71.1281
71.1281
71.1281
71.1281
71.1281
71.1281
71.1281
71.1281
71.1281
71.1281
71.1281
71.1281
71.1281
71.1281
71.1281
71.1281
71.1281
71.1281
71.1278
71.1219
71.0976
71.066
71.0549
71.0549
71.0549
71.0549
71.0549
71.0549
71.0549
71.0549
71.0549
71.0549
71.0549
71.0549
71.0549
71.0549
71.0549
71.053
71.0318
70.9108
70.7243
70.5744
70.5744
70.5744
70.5744
70.5744
70.5744
70.5744
70.5744
70.5744
70.5744
70.5744
70.5744
70.5744
70.5744
70.5744
70.5744
70.5744
70.5744
70.5744
70.5744
70.5744
70.5744
70.5744
70.5744
70.5744
70.5744
70.5744
70.5744
70.5744
70.5744
70.5744
70.5744
70.5744
70.5744
70.5744
70.5744
70.5744
70.5744
70.5744
70.5744
70.5744
70.5744
70.5744
70.5744
70.5744
70.5744
70.5744
70.5744
70.5744
70.5744
70.5744
70.5744
70.5744
70.5744
70.5744
70.5744
70.5744
70.5744
70.5744
70.5744
70.5744
70.5744
70.5744
70.5744
70.5744
70.5744
70.5744
70.5744
70.5744
70.5744
70.5744
70.5744
70.5744
70.5744
70.5744
70.5744
70.5744
70.5744
70.5744
70.5744
70.5744
70.5744
70.5744
70.5744
70.5744
70.5744
70.5744
70.5744
70.5744
70.5744
70.5744
70.5744
70.5744
70.5744
70.5744
70.5744
70.5744
70.5744
70.5744
70.5744
70.5744
70.5744
70.5721
70.507
70.3313
70.1231
69.9932
69.9932
69.9932
69.9932
69.9932
69.9932
69.9932
69.9932
69.9932
69.9932
69.9932
69.9932
69.9932
69.9932
69.9932
69.9932
69.9932
69.9932
69.9932
69.9932
69.9932
69.9932
69.9932
69.9932
69.9932
69.9932
69.9932
69.9932
69.9932
69.9932
69.9932
69.9932
69.9932
69.9932
69.9932
69.9924
69.9804
69.93
69.83
69.7931
69.7931
69.7931
69.7931
69.7931
69.7931
69.7931
69.7931
69.7931
69.7931
69.7931
69.7931
69.7931
69.7931
69.7931
69.7931
69.7931
69.7931
69.7931
69.7931
69.7931
69.7931
69.7931
69.7931
69.7931
69.7931
69.7931
69.7931
69.7931
69.7931
69.7931
69.7931
69.7931
69.7931
69.7931
69.7931
69.7931
69.7931
69.7931
69.7902
69.7195
69.4808
69.2038
69.0564
69.0564
69.0564
69.0564
69.0564
69.0564
69.0564
69.0564
69.0564
69.0564
69.0564
69.0564
69.0564
69.0564
69.0564
69.0564
69.0558
69.0444
68.991
68.9417
68.9063
68.9063
68.9063
68.9063
68.9063
68.9063
68.9063
68.9063
68.9063
68.9063
68.9063
68.9063
68.9056
68.8874
68.8279
68.7636
68.7314
68.7314
68.7314
68.7314
68.7314
68.7314
68.7314
68.7314
68.7314
68.7314
68.7314
68.7314
68.7314
68.7314
68.7314
68.7314
68.7314
68.7314
68.7314
68.7314
68.7314
68.7314
68.7314
68.7314
68.7314
68.7314
68.7314
68.7314
68.7314
68.7314
68.7314
68.7314
68.7314
68.7314
68.7314
68.7314
68.7314
68.7314
68.7314
68.7314
68.7314
68.7314
68.7314
68.7314
68.7314
68.7314
68.7314
68.7314
68.7314
68.7314
68.7314
68.7314
68.7314
68.7314
68.7314
68.7314
68.7314
68.7314
68.7314
68.7314
68.7314
68.7314
68.7314
68.7314
68.7314
68.7314
68.7314
68.7314
68.7314
68.7314
68.7314
68.7314
68.7314
68.7314
68.7314
68.7314
68.7314
68.7314
68.7314
68.7314
68.7314
68.7314
68.7314
68.7314
68.7314
68.7314
68.7314
68.7314
68.7314
68.7314
68.7314
68.7314
68.7314
68.7314
68.7314
68.7314
68.7314
68.7314
68.7314
68.7314
68.7314
68.7314
68.7314
68.7314
68.7314
68.7314
68.7314
68.7314
68.7314
68.7314
68.7314
68.7314
68.7314
68.7314
68.7314
68.7314
68.7314
68.7314
68.7314
68.7314
68.7314
68.7314
68.7314
68.7314
68.7314
68.7314
68.7314
68.7314
68.7314
68.7314
68.7314
68.7314
68.7314
68.7314
68.7314
68.7314
68.7314
68.7314
68.7314
68.7314
68.7314
68.7314
68.7314
68.7314
68.7314
68.7314
68.7314
68.7314
68.7314
68.7314
68.7314
68.7314
68.7314
68.7314
68.7314
68.7314
68.7314
68.7314
68.7314
68.7314
68.7314
68.7314
68.7314
68.7314
68.7314
68.7314
68.7314
68.7314
68.7314
68.7314
68.7314
68.7314
68.7314
68.7314
68.7314
68.7314
68.7314
68.7314
68.7314
68.7314
68.7314
68.7314
68.7314
68.7314
68.7314
68.7314
68.7314
68.7314
68.7314
68.7314
68.7314
68.7314
68.7314
68.7314
68.7314
68.7314
68.7314
68.7314
68.7314
68.7314
68.7301
68.6958
68.5797
68.4161
68.4015
68.4015
68.4015
68.4015
68.4015
68.4015
68.4015
68.4015
68.4
68.3729
68.2422
68.0941
68.0033
68.0033
68.0033
68.0033
68.0033
68.0033
68.0033
68.0033
68.0033
68.0033
68.0033
68.0033
68.0033
68.0033
68.0033
68.0033
68.0033
68.0033
68.0033
68.0033
68.0033
68.0033
68.0033
68.0033
68.0033
68.0033
68.0033
68.0033
68.0033
68.0033
68.0033
68.0033
68.0033
68.0033
68.0023
67.9924
67.9199
67.7998
67.7552
67.7552
67.7552
67.7552
67.7552
67.7552
67.7552
67.7552
67.7552
67.7552
67.7552
67.7552
67.7552
67.7552
67.7552
67.7552
67.7552
67.7552
67.7552
67.7552
67.7552
67.7552
67.7552
67.7552
67.7552
67.7552
67.7552
67.7552
67.7552
67.7552
67.7552
67.7552
67.7552
67.7552
67.7552
67.7552
67.7552
67.7552
67.7552
67.7552
67.7552
67.7552
67.7552
67.7552
67.7552
67.7552
67.7552
67.7552
67.7552
67.7552
67.7552
67.7552
67.7552
67.752
67.6956
67.463
67.162
66.9713
66.9713
66.9713
66.9713
66.9713
66.9713
66.9713
66.9713
66.9713
66.9713
66.9713
66.9713
66.9713
66.9713
66.9713
66.9709
66.9613
66.9281
66.8803
66.8575
66.8575
66.8575
66.8575
66.8575
66.8575
66.8575
66.8575
66.8575
66.8575
66.8575
66.8575
66.8575
66.8575
66.8575
66.8575
66.8575
66.8575
66.8575
66.8575
66.8575
66.8575
66.8575
66.8575
66.8575
66.8575
66.8575
66.8575
66.8575
66.8575
66.8575
66.8575
66.8575
66.8575
66.8575
66.8575
66.8575
66.8575
66.8575
66.8575
66.8575
66.8575
66.8575
66.8575
66.8575
66.8575
66.8575
66.8575
66.8575
66.8575
66.8575
66.8575
66.8575
66.8575
66.8575
66.8575
66.8575
66.8575
66.8575
66.8575
66.8575
66.8575
66.8575
66.8575
66.8575
66.8575
66.8575
66.8575
66.8575
66.8575
66.8575
66.8575
66.8575
66.8575
66.8575
66.8575
66.8575
66.8575
66.8575
66.8575
66.8575
66.8575
66.8575
66.8575
66.8575
66.8575
66.8575
66.8575
66.8575
66.8575
66.8575
66.8575
66.8575
66.8575
66.8575
66.8575
66.8575
66.8575
66.8575
66.8575
66.8575
66.8575
66.8575
66.8575
66.8575
66.8575
66.8575
66.8575
66.8575
66.8575
66.8575
66.8575
66.8575
66.8575
66.8575
66.8575
66.8575
66.8575
66.8575
66.8575
66.8575
66.8575
66.8575
66.8575
66.8575
66.8575
66.8575
66.8575
66.8575
66.8575
66.8575
66.8575
66.8575
66.8575
66.8575
66.8575
66.8575
66.8575
66.8575
66.8575
66.8575
66.8575
66.8575
66.8575
66.8575
66.8575
66.8575
66.8575
66.8575
66.8575
66.8575
66.8575
66.8575
66.8575
66.8575
66.8575
66.8575
66.8575
66.8575
66.8575
66.8575
66.8575
66.8575
66.8575
66.8575
66.8575
66.8575
66.8575
66.8575
66.8575
66.8575
66.8575
66.8575
66.8575
66.8575
66.8575
66.8575
66.8575
66.8575
66.8575
66.8575
66.8575
66.8575
66.8575
66.8575
66.8575
66.8575
66.8575
66.8575
66.8575
66.8575
66.8575
66.8575
66.8575
66.8575
66.8575
66.8575
66.8575
66.8575
66.8575
66.8575
66.8575
66.8575
66.8575
66.8575
66.8575
66.8575
66.8575
66.8575
66.8575
66.8575
66.8575
66.8575
66.8575
66.8575
66.8575
66.8575
66.8575
66.8575
66.8575
66.8575
66.8575
66.8575
66.8575
66.8575
66.8575
66.8575
66.8575
66.8575
66.8575
66.8575
66.8575
66.8575
