2704.89
2464.31
2297.09
2251.67
2191.27
2161.09
2137.19
2099.86
2036.15
1978.45
1947.53
1914.04
1854.44
1830.2
1807.96
1775.97
1743.17
1718.62
1684.99
1640.91
1607.61
1590.77
1565.46
1537.17
1498.7
1461.47
1452.77
1437.02
1401.73
1375.35
1365.3
1349.18
1325.15
1298.48
1289.81
1281.76
1274.39
1264
1256.45
1245.43
1233.87
1215.87
1197.09
1190.96
1177.87
1161.5
1148.94
1139.4
1131.72
1123.1
1115.83
1103.4
1083.38
1060.54
1037.6
1031.38
1023.1
1012.78
1005.64
1000.94
993.973
990.886
982.521
971.988
967.884
962.496
953.659
943.478
934.374
926.193
915.669
902.952
894.072
887.84
880.933
872.148
867.538
863.136
856.237
844.661
839.639
836.175
828.663
817.589
809.918
804.569
795.819
787.514
784.108
780.01
774.395
764.983
757.565
748.258
739.506
729.862
726.479
722.771
714.585
704.738
697.273
692.367
690.066
682.775
670.668
664.251
659.8
655.41
653.106
652.228
649.092
643.066
634.075
628.101
623.504
618.785
610.921
601.533
598.614
596.306
591.907
588.138
585.134
577.318
567.584
564.963
561.51
556.759
552.041
546.498
540.12
534.942
532.113
527.517
520.507
515.255
511.773
506.108
498.349
489.681
482.057
475.333
470.562
468.2
464.732
460.505
458.114
455.858
450.782
445.127
440.705
439.65
438.935
438.425
437.445
434.911
429.643
421.427
411.216
406.021
404.341
401.929
399.708
398.141
395.237
390.975
386.977
384.562
382.631
382.181
381.081
378.951
376.687
374.414
371.304
367.319
362.726
360.205
358.275
356.218
354.741
353.891
351.948
347.912
345.288
344.338
344.265
343.638
341.327
338.056
334.724
331.138
327.736
325.866
324.394
323.651
322.814
321.817
321.41
320.345
318.228
315.307
311.812
311.077
310.89
310.712
308.59
299.288
287.876
284.258
283.802
282.402
279.452
277.64
274.703
271.837
269.991
269.123
268.592
267.467
265.531
263.613
262.929
262.874
262.616
261.597
259.383
257.014
254.469
251.194
247.504
244.476
238.221
231.539
229.263
226.582
222.793
220.457
219.676
218.772
217.468
216.086
215.072
213.749
210.41
206.244
205.127
204.938
204.617
204.199
203.632
202.701
200.877
197.093
192.385
189.975
189.039
187.805
186.738
185.376
183.388
182.36
182.154
182.154
182.132
181.939
180.999
179.693
178.734
178.449
178.353
178.079
177.569
177.488
177.466
177.051
176.05
174.546
173.967
173.431
172.771
172.555
172.437
171.904
170.501
168.802
167.995
167.993
167.938
167.722
167.405
167.05
166.922
166.918
166.85
166.525
165.594
163.192
160.414
158.691
158.654
158.47
158.075
157.601
157.305
157.258
157.152
157.024
156.692
156.392
156.202
156.18
156.023
155.809
155.624
155.529
155.44
155.297
155.089
154.643
154.247
153.843
153.843
153.843
153.838
153.784
153.525
152.917
152.01
151.601
151.598
151.543
151.333
150.91
150.318
148.975
147.327
146.472
146.457
146.402
146.328
146.296
146.296
146.296
146.296
146.296
146.296
146.29
146.158
145.732
145.115
144.551
144.15
144.021
144.016
143.995
143.96
143.927
143.889
143.791
143.466
142.761
141.892
141.518
141.419
141.017
140.554
140.269
140.246
140.097
139.512
138.882
138.245
137.967
137.834
137.772
137.513
137.148
137.028
136.977
136.818
136.641
136.516
136.42
136.297
136.189
136.17
136.093
135.957
135.904
135.887
135.481
134.09
132.4
131.499
131.498
131.495
131.487
131.449
131.297
131.087
130.909
130.907
130.838
130.601
130.228
129.985
129.923
129.923
129.923
129.921
129.906
129.867
129.769
129.626
129.468
129.415
129.409
129.313
128.936
128.446
127.995
127.891
127.594
126.934
126.266
125.696
125.349
125.277
125.169
125.14
125.13
125.085
125.024
124.941
124.721
124.45
124.097
123.275
122.132
121.695
121.695
121.695
121.695
121.689
121.539
121.04
120.345
120.115
120.039
119.987
119.98
119.977
119.962
119.634
118.396
116.899
116
115.649
115.203
115.057
115.057
115.057
115.057
115.057
115.046
114.976
114.772
114.506
114.382
114.382
114.381
114.349
114.128
113.237
112.154
111.456
111.456
111.456
111.456
111.456
111.456
111.456
111.454
111.447
111.433
111.391
111.071
110.209
109.48
109.118
108.919
108.206
106.991
106.207
106.207
106.207
106.207
106.207
106.204
106.149
105.925
105.521
105.346
105.346
105.346
105.341
105.253
104.882
104.493
104.196
104.127
104.016
103.934
103.841
103.704
103.52
103.338
103.183
103.005
102.739
102.437
102.308
102.306
102.302
102.274
102.172
101.939
101.44
100.833
100.496
100.496
100.496
100.496
100.496
100.496
100.496
100.496
100.496
100.496
100.488
100.282
99.56
98.8165
98.1463
97.8491
97.7491
97.7474
97.7025
97.5592
97.3854
97.2701
97.1206
96.9332
96.8443
96.8443
96.8443
96.8443
96.8443
96.8443
96.8443
96.8436
96.8296
96.7767
96.7091
96.6849
96.6849
96.6849
96.6849
96.6849
96.6839
96.6624
96.5968
96.4598
96.1267
94.9645
93.2371
92.6541
92.6541
92.6541
92.6541
92.6541
92.6541
92.6534
92.6427
92.5966
92.5171
92.4746
92.4428
92.3093
92.0931
91.9469
91.9469
91.9469
91.9469
91.9469
91.9469
91.9469
91.9469
91.9469
91.9468
91.9446
91.9354
91.9223
91.9145
91.9145
91.9145
91.9122
91.8554
91.473
90.3826
88.8645
88.5055
88.5055
88.5055
88.5055
88.5055
88.5055
88.5055
88.5055
88.5055
88.5055
88.5055
88.5055
88.5055
88.5055
88.5034
88.4642
88.2989
88.0841
87.9891
87.9891
87.9891
87.9891
87.9891
87.9891
87.9847
87.913
87.6027
87.0852
86.8944
86.869
86.7673
86.6333
86.5808
86.5808
86.5794
86.5626
86.4742
86.3353
86.2301
86.2301
86.2301
86.2301
86.2301
86.2301
86.2298
86.2245
86.202
86.1744
86.1631
86.1631
86.1631
86.1631
86.1572
86.0019
85.5837
85.0517
84.6698
84.6698
84.6698
84.6698
84.6698
84.6698
84.6698
84.6698
84.6698
84.6698
84.6698
84.6698
84.6698
84.6698
84.6698
84.6693
84.6477
84.2847
82.857
81.5047
80.6095
80.6042
80.5852
80.5571
80.5436
80.5436
80.5436
80.5436
80.5436
80.5436
80.5436
80.5436
80.5436
80.5436
80.5436
80.5436
80.5417
80.5036
80.353
80.1566
80.067
80.067
80.067
80.067
80.0659
80.0385
79.9638
79.8419
79.7925
79.7925
79.7925
79.7925
79.7925
79.7925
79.7925
79.7923
79.7866
79.7636
79.7352
79.7256
79.7256
79.7256
79.7256
79.7256
79.7256
79.7256
79.7256
79.7256
79.7256
79.7256
79.7256
79.7256
79.7254
79.7227
79.7083
79.6639
79.5819
79.4774
79.4238
79.4238
79.4238
79.4238
79.4238
79.4238
79.4219
79.3759
79.2264
79.0137
78.9447
78.9447
78.9447
78.9447
78.9447
78.9447
78.9447
78.9447
78.9447
78.9447
78.9447
78.9447
78.9447
78.9447
78.9447
78.9447
78.9447
78.9447
78.9447
78.9447
78.9447
78.9447
78.9447
78.9447
78.9447
78.9447
78.9447
78.9447
78.9447
78.9447
78.9444
78.9364
78.9165
78.8856
78.8712
78.8712
78.8712
78.8712
78.8712
78.8712
78.8712
78.8712
78.8712
78.8712
78.8712
78.8712
78.8712
78.8712
78.8712
78.8712
78.8712
78.8712
78.8712
78.8712
78.8712
78.8712
78.8712
78.8712
78.8712
78.8712
78.8712
78.8712
78.8712
78.8712
78.8712
78.8712
78.8712
78.8646
78.7713
78.3984
77.7658
77.2161
77.2064
77.2064
77.2064
77.2064
77.2064
77.2064
77.2064
77.2064
77.2064
77.2064
77.2064
77.2064
77.2064
77.2064
77.2064
77.2064
77.2064
77.2064
77.2064
77.2064
77.2064
77.2064
77.2064
77.2064
77.2064
77.2064
77.205
77.1846
77.0858
76.9569
76.8652
76.8652
76.8641
76.8447
76.7739
76.6357
76.579
76.5665
76.5152
76.4357
76.3504
76.1991
75.9363
75.7505
75.7505
75.7493
75.7323
75.663
75.5393
75.4667
75.4667
75.4667
75.4667
75.4667
75.4667
75.4667
75.4667
75.4667
75.4667
75.4667
75.4667
75.4667
75.4667
75.4667
75.4667
75.4667
75.4667
75.4667
75.4667
75.4667
75.4667
75.4667
75.4667
75.4649
75.4295
75.3129
75.1203
75.0249
75.0249
75.0249
75.0249
75.0249
75.0249
75.0249
75.0249
75.0249
75.0249
75.0249
75.0249
75.0249
75.0249
75.0249
75.0249
75.0249
75.0249
75.0249
75.0249
75.0249
75.0249
75.0249
75.0249
75.0249
75.0249
75.0249
75.0249
75.0249
75.0249
75.0249
75.0249
75.0249
75.0249
75.0249
75.0249
75.0249
75.0249
75.0249
75.0249
75.0249
75.0249
75.0249
75.0249
75.0249
75.0249
75.0249
75.0249
75.0249
75.0249
75.0249
75.0249
75.0249
75.0249
75.0249
75.0249
75.0249
75.0249
75.0249
75.0249
75.0249
75.0249
75.0249
75.0249
75.0249
75.0249
75.0249
75.0249
75.0249
75.0249
75.0249
75.0249
75.0249
75.0249
75.0249
75.0249
75.0249
75.0249
75.0249
75.0249
75.0249
75.0249
75.0249
75.0249
75.0249
75.0249
75.0249
75.0249
75.0249
75.0249
75.0249
75.0249
75.0249
75.0249
75.0249
75.0249
75.0249
75.0249
75.0249
75.0249
75.0249
75.0249
75.0249
75.0249
75.0249
75.0249
75.0249
75.0233
74.9987
74.9001
74.7513
74.6399
74.6399
74.6399
74.6399
74.6399
74.6399
74.6399
74.6399
74.6399
74.6399
74.6399
74.6377
74.5875
74.4207
74.2477
74.0911
74.0911
74.0911
74.0911
74.0911
74.0911
74.0911
74.0884
74.0426
73.8916
73.6435
73.417
73.417
73.417
73.4166
73.4052
73.3737
73.3314
73.2887
73.1969
72.9892
72.6196
72.1706
71.8577
71.8577
71.8577
71.8577
71.8567
71.8382
71.7727
71.671
71.6146
71.6146
71.6146
71.6146
71.6146
71.6146
71.6146
71.6146
71.6146
71.6146
71.6146
71.6146
71.6146
71.6146
71.6146
71.6146
71.6146
71.6146
71.6146
71.6146
71.6146
71.6136
71.5972
71.5227
71.4061
71.3594
71.3594
71.3594
71.3594
71.3594
71.3543
71.2784
70.9546
70.4436
70.0945
70.0945
70.0945
70.0945
70.0945
70.0945
70.0945
70.0945
70.0945
70.0945
70.0945
70.0945
70.0945
70.0945
70.0945
70.0945
70.0945
70.0945
70.0945
70.0945
70.0945
70.0938
70.0757
70.0184
69.9352
69.8982
69.8982
69.8982
69.8982
69.8982
69.8982
69.8965
69.8642
69.7468
69.5731
69.4727
69.4727
69.4727
69.4727
69.4727
69.4727
69.4727
69.4727
69.4727
69.4727
69.4727
69.4727
69.4727
69.4727
69.4727
69.4727
69.4727
69.4727
69.4727
69.4727
69.4727
69.4727
69.4727
69.4727
69.4727
69.4727
69.4727
69.4727
69.4727
69.4727
69.4727
69.4727
69.4727
69.4678
69.3002
68.7924
68.329
68.2403
68.2403
68.2403
68.2403
68.2403
68.2403
68.2403
68.2403
68.2403
68.2403
68.2403
68.2403
68.2403
68.2403
68.2403
68.2403
68.2403
68.2401
68.2377
68.2277
68.2141
68.2045
68.2045
68.2045
68.2045
68.2045
68.2045
68.2045
68.1994
68.1027
67.7869
67.251
66.9313
66.9313
66.9313
66.9313
66.9313
66.9313
66.9313
66.9313
66.9313
66.9313
66.9313
66.9313
66.9313
66.9313
66.9313
66.9313
66.9313
66.9313
66.9313
66.9313
66.9313
66.9313
66.9313
66.9313
66.9313
66.9313
66.931
66.9274
66.9093
66.8797
66.8627
66.8584
66.7886
66.6106
66.3119
66.208
66.208
66.208
66.208
66.208
66.208
66.208
66.208
66.208
66.208
66.208
66.208
66.208
66.208
66.208
66.208
66.208
66.208
66.208
66.208
66.208
66.208
66.2045
66.1371
65.9137
65.5263
65.3215
65.3215
65.3215
65.3215
65.3215
65.3215
65.3215
65.3206
65.3001
65.2418
65.136
65.0786
65.0786
65.0786
65.0786
65.0786
65.0786
65.0786
65.0786
65.0786
65.0786
65.0786
65.0786
65.0785
65.0778
65.0756
65.0718
65.0682
65.0682
65.0682
65.0677
65.0586
65.0206
64.9701
64.9298
64.9264
64.9264
64.9264
64.9264
64.9264
64.9264
64.9264
64.9264
64.9264
64.9264
64.9264
64.9264
64.9264
64.9225
64.8238
64.537
64.1023
63.9576
63.9576
63.9576
63.9576
63.9576
63.9576
63.9576
63.9576
63.9576
63.9558
63.933
63.8062
63.628
63.4844
63.4844
63.4825
63.4544
63.2969
63.0906
63.0156
63.0156
63.0156
63.0156
63.0156
63.0156
63.0156
63.0156
63.0156
63.0156
63.0156
63.0156
63.0156
63.0156
63.0156
63.0156
63.0156
63.0156
63.0156
63.0156
63.0156
63.0156
63.0156
63.0156
63.0156
63.0156
63.0156
63.0156
63.0156
63.0156
63.0156
63.0156
63.0156
63.0156
63.0156
63.0156
63.0156
63.0156
63.0156
63.0156
63.0156
63.0156
63.0156
63.0156
63.0145
62.9937
62.9105
62.795
62.7269
62.7269
62.7269
62.7269
62.7269
62.7269
62.7269
62.7269
62.7269
62.7269
62.7269
62.7269
62.7269
62.7269
62.7269
62.7269
62.7269
62.7269
62.7269
62.7269
62.7269
62.7261
62.7209
62.6783
62.6036
62.5401
62.5401
62.5401
62.5401
62.5401
62.5401
62.5401
62.5401
62.5401
62.5401
62.5401
62.5401
62.5401
62.5401
62.5401
62.5401
62.5401
62.5401
62.5401
62.5401
62.5401
62.5401
62.5401
62.5401
62.5401
62.5401
62.5401
62.5401
62.5401
62.5401
62.5401
62.5401
62.5401
62.5401
62.5401
62.5401
62.5401
62.5401
62.5401
62.5401
62.5401
62.5401
62.5401
62.5401
62.5401
62.5401
62.5401
62.5401
62.5401
62.5401
62.5401
62.5401
62.5401
62.5401
62.5401
62.5401
62.5401
62.5401
62.5401
62.5401
62.5401
62.5401
62.5401
62.5401
62.5401
62.5401
62.5401
62.5401
62.5401
62.5401
62.5401
62.5401
62.5401
62.5401
62.5401
62.5401
62.5401
62.5401
62.5401
62.5401
62.5401
62.5401
62.5401
62.5401
62.5401
62.5401
62.5401
62.5401
62.5401
62.5401
62.5401
62.5401
62.5401
62.5401
62.5401
62.5401
62.5401
62.5401
62.5401
62.5401
62.5401
62.5401
62.5401
62.5401
62.5401
62.5401
62.5401
62.5401
62.5401
62.5401
62.5401
62.5401
62.5401
62.5401
62.5401
62.5401
62.5401
62.5401
62.5401
62.5401
62.5401
62.54
62.539
62.5356
62.5318
62.5299
62.5299
62.5299
62.5299
62.5299
62.5299
62.5299
62.5299
62.5299
62.5299
62.5299
62.5299
62.5299
62.5299
62.5299
62.5299
62.5299
62.5299
62.5299
62.5299
62.5299
62.5299
62.5299
62.5299
62.5299
62.5299
62.5299
62.5299
62.5299
62.5299
62.5299
62.5299
62.5299
62.5299
62.5299
62.5299
62.5299
62.5299
62.5299
62.5299
62.5299
62.5299
62.5299
62.5299
62.5299
62.5299
62.5299
62.5299
62.5299
62.5292
62.5134
62.4624
62.4038
62.3705
62.3705
62.3705
62.3705
62.3705
62.3705
62.3705
62.3705
62.3705
62.3705
62.3705
62.3705
62.3705
62.3705
62.3705
62.3705
62.3705
62.3705
62.3705
62.3705
62.3705
62.3705
62.3705
62.3705
62.3705
62.3705
62.3705
62.3705
62.3705
62.3705
62.3705
62.3705
62.3705
62.3705
62.3705
62.3705
62.3705
62.3705
62.3705
62.3705
62.3705
62.3705
62.3705
62.3705
62.3705
62.3705
62.3705
62.3705
62.3705
62.3705
62.3705
62.3705
62.3705
62.3705
62.3705
62.3705
62.3705
62.3705
62.3705
62.3705
62.3705
62.3696
62.3542
62.2964
62.2002
62.1299
62.1299
62.1299
62.1299
62.1299
62.1299
62.1299
62.1299
62.1299
62.1299
62.1299
62.1299
62.1299
62.1299
62.1299
62.1299
62.1299
62.1299
62.1299
62.1299
62.1299
62.1299
62.1299
62.1299
62.1299
62.1299
62.1299
62.1299
62.1299
62.1299
62.1299
62.1299
62.1299
62.1299
62.1299
62.1299
62.1299
62.1299
62.1299
62.1299
62.1299
62.1299
62.1299
62.1299
62.1299
62.1299
62.1299
62.1299
62.1299
62.1299
62.1299
62.1299
62.1299
62.1299
62.1299
62.1299
62.1299
62.1299
62.1299
62.1299
62.1299
62.1299
62.1299
62.1299
62.1299
62.1299
62.1299
62.1299
62.1299
62.1299
62.1299
62.1299
62.1299
62.1299
62.1299
62.1299
62.1299
62.1299
62.1299
62.1299
62.1299
62.1299
62.1299
62.1299
62.1299
62.1299
62.1299
62.1299
62.1299
62.1299
62.1299
62.1299
62.1299
62.1299
62.1299
62.1299
62.1299
62.1299
62.1299
62.1299
62.1299
62.1299
62.1299
62.1299
62.1299
62.1299
62.1273
62.0691
61.8947
61.6563
61.469
61.469
61.469
61.469
61.469
61.469
61.469
61.469
61.469
61.469
61.469
61.469
61.469
61.469
61.469
61.469
61.469
61.469
61.469
61.469
61.469
61.469
61.469
61.469
61.469
61.469
61.469
61.469
61.469
61.469
61.469
61.469
61.469
61.469
61.469
61.469
61.469
61.469
61.469
61.469
61.469
61.469
61.469
61.469
61.469
61.469
61.469
61.469
61.469
61.469
61.469
61.469
61.469
61.469
61.469
61.469
61.469
61.469
61.469
61.469
61.469
61.469
61.469
61.469
61.469
61.469
61.469
61.469
61.469
61.469
61.469
61.469
61.469
61.469
61.469
61.469
61.469
61.469
61.469
61.469
61.469
61.469
61.469
61.469
61.469
61.469
61.469
61.469
61.469
61.469
61.469
61.469
61.469
61.469
61.469
61.469
61.469
61.469
61.469
61.469
61.4688
61.4658
61.4553
61.4347
61.4238
61.4238
61.4238
61.4238
61.4238
61.4238
61.4238
61.4238
61.4238
61.4238
61.4238
61.4238
61.4238
61.4238
61.4238
61.4238
61.4238
61.4238
61.4238
61.4238
61.4238
61.4238
61.4238
61.4238
61.4238
61.4238
61.4238
61.4238
61.4238
61.4238
61.4238
61.4238
61.4238
61.4238
61.4238
61.4238
61.4238
61.4238
61.4238
61.4238
61.4238
61.4238
61.4238
61.4238
61.4238
61.4238
61.4238
61.4238
61.4238
61.4238
61.4238
61.4238
61.4238
61.4238
61.4238
61.4238
61.4238
61.4238
61.4238
61.4238
61.4238
61.4238
61.4238
61.4238
61.4238
61.4238
61.4238
61.4238
61.4238
61.4238
61.4238
61.4238
61.4238
61.4238
61.4238
61.4238
61.4238
61.4238
61.4238
61.4238
61.4238
61.4238
61.4238
61.4238
61.4238
61.4238
61.4238
61.4238
61.4238
61.4238
61.4238
61.4238
61.4238
61.4238
61.4238
61.4238
61.4238
61.4238
61.4238
61.4238
61.4238
61.4238
61.4238
61.4238
61.4238
61.4238
61.4238
61.4238
61.4238
61.4238
61.4238
61.4238
61.4238
61.4238
61.4238
61.4238
61.4238
61.4238
61.4238
61.4236
61.421
61.4044
61.3805
61.3653
61.3653
61.3653
61.3653
61.3653
61.3653
61.3653
61.3653
61.3653
61.3653
61.3653
61.3653
61.3653
61.3653
61.3653
