2706.29
2532.55
2440.01
2368.49
2305.6
2260.65
2201.03
2140.86
2084.72
2043.37
2020.46
2006.95
1978.08
1946.59
1914.16
1886.18
1876.73
1857.66
1832.64
1806.36
1775.9
1735.38
1716.09
1704.52
1686.56
1652.47
1614.43
1587.58
1563
1544.07
1512.28
1467.58
1445.58
1426.74
1402.2
1390.75
1385.2
1373.91
1357.86
1341.5
1323.39
1311.44
1305.25
1299.19
1284.79
1267.68
1248.18
1220.66
1209.33
1202.86
1194.41
1185.71
1165.26
1135.59
1118.68
1106.46
1087.54
1070.43
1060.55
1048.08
1038.2
1033.05
1027.42
1021.11
1014.4
1006.07
993.193
985.92
979.467
974.561
968.207
957.064
939.312
915.796
885.578
865.582
854.647
846.228
840.583
836.152
830.346
825.2
817.532
806.164
798.856
791.578
785.71
782.687
779.159
773.135
768.791
765.156
760.486
752.434
742.169
735.255
730.592
724.589
713.635
696.159
687.884
678.841
669.454
666.349
665.437
661.469
656.389
652.01
646.111
636.063
627.311
618.796
613.738
606.854
601.976
595.725
591.302
587.745
585.441
582.272
579.422
576.732
571.905
566.389
563.139
561.351
559.904
556.822
550.798
545.269
542.492
540.884
537.618
533.087
531.714
529.941
527.019
524.979
522.269
519.537
518.116
516.559
512.004
504.147
498.036
496.143
495.37
493.036
488.452
484.102
482.007
479.757
477.991
476.66
475.158
472.779
471.541
470.038
463.636
456.677
451.068
446.279
439.463
428.729
418.07
407.889
402.282
398.578
398.031
396.801
392.021
385.083
384.462
383.189
378.693
370.19
366.139
360.603
358.198
355.993
354.242
354.08
353.396
351.427
348.067
345.622
344.856
343.589
341.508
338.478
334.991
332.89
331.92
331.92
331.9
331.456
329.719
327.5
326.874
326.828
326.268
324.433
322.092
321.295
320.894
320.077
319.058
318.479
318.257
317.522
316.43
315.829
315.407
314.4
312.585
310.807
308.201
305.166
304.107
303.488
302.355
301.414
301.201
301.168
300.661
298.674
296.239
295.378
295.262
294.39
291.975
288.308
287.304
286.994
285.733
284.143
282.422
281.228
279.147
277.179
275.862
275.287
275.081
274.225
273.269
272.926
272.207
271.376
270.676
269.545
265.803
260.808
258.233
257.812
257.144
256.709
256.709
256.709
256.707
256.656
256.433
256.091
255.835
255.615
255.357
254.888
254.275
253.905
253.542
253.194
252.805
252.552
252.312
251.689
250.709
249.841
248.676
246.789
245.031
242.937
240.809
239.208
238.692
237.947
237.292
236.7
236.118
235.213
234.072
233.461
233.395
232.759
231.061
228.728
227.782
227.769
227.482
226.293
224.593
223.986
223.547
222.579
221.468
220.858
218.822
216.434
215.283
215.283
215.283
215.279
215.183
214.81
214.392
214.288
214.288
214.288
214.283
214.188
213.808
213.366
213.037
213.037
213.037
213.022
212.889
212.415
211.891
211.713
211.626
211.232
210.242
208.823
207.908
207.332
206.611
205.893
205.328
204.394
200.977
196.058
192.893
191.276
191.267
191.096
190.427
189.428
189.141
189.141
189.141
189.107
188.594
186.505
182.737
180.266
179.74
179.419
179.297
178.92
178.41
177.91
177.493
177.327
177.325
177.291
177.177
176.977
176.753
176.493
176.177
175.955
175.866
175.567
175.139
174.95
174.787
174.622
174.56
174.296
173.928
173.8
173.8
173.794
173.639
173.186
172.649
172.502
172.377
172.002
171.508
171.257
171.257
171.257
171.256
171.246
171.185
171.119
171.034
170.401
168.426
165.955
165.667
165.667
165.667
165.667
165.66
165.544
165.157
164.623
164.397
164.202
164.107
164.098
163.914
163.095
162.14
161.689
161.627
160.866
157.358
153.05
152.717
152.713
152.641
152.448
152.106
152.075
152.012
151.69
151.112
150.86
150.86
150.86
150.86
150.846
150.59
150.042
149.097
148.175
147.525
146.972
146.968
146.887
146.52
146.136
145.898
145.765
145.302
144.624
144.183
144.094
143.765
143.151
142.718
142.718
142.694
142.378
141.22
139.825
139.558
139.558
139.558
139.558
139.558
139.558
139.558
139.542
139.384
138.858
138.255
137.969
137.969
137.965
137.859
137.417
136.601
135.878
135.598
135.598
135.594
135.513
135.209
134.78
134.585
134.585
134.585
134.576
134.473
133.926
133.085
132.382
132.363
131.977
130.587
128.626
127.556
127.476
127.232
126.947
126.867
126.86
126.832
126.765
126.652
126.517
126.428
126.426
126.394
126.113
125.386
124.483
124.203
124.166
123.974
123.778
123.621
123.616
123.518
123.168
122.642
122.333
122.333
122.333
122.323
122.164
121.671
120.966
120.684
120.684
120.684
120.684
120.684
120.684
120.684
120.684
120.679
120.585
120.213
119.489
118.923
118.853
118.853
118.853
118.853
118.851
118.819
118.694
118.426
118.33
118.33
118.33
118.33
118.33
118.33
118.322
118.195
117.75
117.285
117.142
117.142
117.142
117.142
117.14
117.128
117.111
117.106
117.106
117.106
117.106
117.106
117.106
117.106
117.104
117.097
117.08
116.991
116.511
115.914
115.739
115.724
115.662
115.379
114.976
114.811
114.811
114.811
114.811
114.808
114.718
114.329
113.601
112.988
112.767
112.69
112.506
112.179
111.85
111.66
111.469
111.033
110.724
110.708
110.559
110.098
109.565
109.302
109.275
109.187
109.105
109.076
109.061
109.003
108.854
108.585
108.238
107.94
107.745
107.526
107.441
107.441
107.441
107.441
107.441
107.441
107.441
107.441
107.441
107.441
107.441
107.441
107.441
107.437
107.399
107.147
106.679
106.41
106.363
106.155
105.822
105.52
105.517
105.517
105.517
105.517
105.517
105.51
105.362
104.79
104.22
103.835
103.835
103.835
103.824
103.769
103.643
103.461
103.263
103.138
103.136
103.104
102.983
102.811
102.704
102.616
102.292
101.865
101.709
101.705
101.656
101.388
100.988
100.61
100.61
100.61
100.61
100.609
100.603
100.586
100.563
100.552
100.552
100.544
100.377
99.8377
98.9701
98.4971
98.0783
97.4167
97.1526
97.1526
97.1526
97.1526
97.1526
97.1512
97.1351
97.0229
96.8822
96.6936
96.6772
96.6772
96.6772
96.6772
96.6772
96.6772
96.6772
96.6772
96.6767
96.667
96.6262
96.5737
96.5558
96.5455
96.3805
95.7298
95.0229
94.5893
94.3993
94.2379
94.0568
93.8514
93.7448
93.744
93.7339
93.6902
93.618
93.5172
93.365
93.1089
92.9555
92.9409
92.9201
92.9126
92.9126
92.9126
92.9126
92.9126
92.9126
92.9126
92.9126
92.9114
92.8942
92.8105
92.6693
92.4804
92.3324
92.1988
92.0608
92.003
92.003
91.9998
91.9418
91.7303
91.3582
91.0116
90.477
88.8462
86.7995
85.0494
85.0248
84.9633
84.8318
84.739
84.739
84.739
84.739
84.739
84.739
84.739
84.739
84.739
84.739
84.739
84.739
84.739
84.739
84.739
84.7377
84.7097
84.6245
84.5088
84.4345
84.4345
84.4345
84.4345
84.4345
84.4345
84.4345
84.4345
84.4345
84.4345
84.4345
84.4345
84.4345
84.4345
84.4345
84.4345
84.4345
84.4345
84.4345
84.4345
84.4345
84.4345
84.4345
84.4319
84.3955
84.1799
83.9174
83.7849
83.7849
83.7849
83.7849
83.7833
83.7773
83.7676
83.7567
83.6128
83.1117
82.5359
82.3228
82.3228
82.3228
82.3228
82.3228
82.3228
82.3228
82.3228
82.3192
82.2301
81.977
81.5448
81.4316
81.4316
81.4316
81.4316
81.4316
81.4316
81.4316
81.4316
81.4316
81.4316
81.4316
81.4316
81.4316
81.4316
81.4316
81.4316
81.4316
81.4316
81.4316
81.4316
81.4316
81.4312
81.4231
81.3882
81.3431
81.3252
81.3252
81.3252
81.3252
81.3252
81.3252
81.3252
81.3252
81.3252
81.3252
81.3252
81.3252
81.3226
81.2624
81.066
80.8199
80.6707
80.6707
80.6707
80.6707
80.6707
80.6707
80.6707
80.6707
80.6707
80.6707
80.6707
80.6698
80.6443
80.5308
80.336
80.1768
80.0883
79.9417
79.7576
79.7013
79.7013
79.6998
79.6559
79.5469
79.3955
79.3229
79.3229
79.3229
79.3229
79.3229
79.3229
79.3229
79.3229
79.3229
79.3229
79.3229
79.3229
79.3227
79.3176
79.3035
79.2787
79.2632
79.2632
79.2632
79.2632
79.2632
79.2632
79.2632
79.2632
79.2632
79.2632
79.2632
79.2632
79.2628
79.2555
79.2237
79.0514
78.5782
78.0502
77.9767
77.9767
77.9767
77.9767
77.9767
77.9767
77.9767
77.9767
77.9767
77.9767
77.9767
77.9756
77.9622
77.8888
77.771
77.7182
77.7182
77.7182
77.7182
77.7182
77.7182
77.7182
77.7182
77.7182
77.7182
77.7182
77.7182
77.7182
77.7182
77.7182
77.7182
77.7169
77.6826
77.5635
77.4169
77.3758
77.3758
77.3727
77.308
77.0739
76.7412
76.6048
76.5837
76.5159
76.4244
76.3856
76.3856
76.3856
76.3856
76.3856
76.3856
76.3856
76.3856
76.3856
76.3856
76.3856
76.3856
76.3856
76.3856
76.3856
76.3856
76.3856
76.3856
76.3856
76.3856
76.3856
76.3856
76.3856
76.3856
76.3856
76.3856
76.3856
76.3856
76.3856
76.3856
76.3856
76.3856
76.3856
76.3856
76.3852
76.378
76.3486
76.3115
76.2875
76.2875
76.2875
76.2875
76.2875
76.2875
76.2875
76.2875
76.2875
76.2875
76.2875
76.2875
76.2875
76.2875
76.2875
76.2875
76.2875
76.2875
76.2875
76.2875
76.2875
76.2875
76.2875
76.2875
76.2875
76.2875
76.2875
76.2875
76.2848
76.2427
76.0716
75.8241
75.6293
75.6293
75.6293
75.6293
75.6293
75.6293
75.6293
75.6293
75.6293
75.6293
75.6293
75.6293
75.6293
75.6293
75.6293
75.6293
75.6293
75.6293
75.6293
75.6293
75.6293
75.6293
75.6293
75.6293
75.6293
75.6293
75.6293
75.6293
75.6293
75.6293
75.6293
75.6293
75.6293
75.6271
75.5771
75.3772
75.1404
75.0861
75.0861
75.0861
75.0861
75.0861
75.0861
75.0861
75.0861
75.0861
75.0861
75.0861
75.0861
75.0861
75.0861
75.0861
75.0861
75.0861
75.0861
75.0861
75.0861
75.0861
75.0861
75.0861
75.0861
75.0861
75.0861
75.0861
75.0861
75.0861
75.0861
75.0861
75.0861
75.0861
75.0861
75.0861
75.0861
75.086
75.0839
75.076
75.0656
75.0572
75.0572
75.0572
75.0572
75.0572
75.0572
75.0572
75.0572
75.0572
75.0572
75.0572
75.0572
75.0572
75.0572
75.0572
75.0572
75.0572
75.0572
75.0572
75.0572
75.0572
75.0572
75.0572
75.0572
75.0572
75.0572
75.0572
75.0572
75.0572
75.0572
75.0572
75.0572
75.0572
75.0572
75.0572
75.0572
75.0572
75.0572
75.0572
75.0572
75.0572
75.0572
75.0572
75.0572
75.0572
75.0572
75.0572
75.0572
75.0572
75.0572
75.0572
75.0572
75.0572
75.0572
75.0572
75.0572
75.0565
75.038
74.9821
74.919
74.88
74.88
74.88
74.88
74.88
74.88
74.88
74.88
74.88
74.88
74.88
74.88
74.88
74.88
74.88
74.88
74.88
74.88
74.88
74.88
74.88
74.88
74.88
74.88
74.88
74.88
74.88
74.88
74.88
74.88
74.88
74.88
74.88
74.88
74.88
74.88
74.88
74.88
74.88
74.88
74.88
74.88
74.88
74.88
74.88
74.88
74.88
74.88
74.88
74.88
74.88
74.88
74.88
74.88
74.88
74.88
74.88
74.88
74.88
74.88
74.88
74.88
74.88
74.88
74.88
74.88
74.88
74.88
74.88
74.876
74.7958
74.4829
74.0376
73.8772
73.8772
73.8772
73.8772
73.8772
73.8772
73.8772
73.8772
73.8772
73.8772
73.8772
73.8772
73.8772
73.8772
73.8772
73.8772
73.8772
73.8772
73.8772
73.8772
73.8772
73.8772
73.8772
73.8772
73.8772
73.8767
73.8688
73.8398
73.8058
73.7605
73.7605
73.7605
73.7605
73.7605
73.7605
73.7605
73.7605
73.7605
73.7605
73.7605
73.7605
73.7605
73.7605
73.7605
73.7605
73.7605
73.7605
73.7605
73.7605
73.7605
73.7605
73.7605
73.7605
73.7605
73.7605
73.7605
73.7605
73.7605
73.7605
73.7605
73.7593
73.7348
73.6402
73.5212
73.4686
73.4686
73.4686
73.4686
73.4686
73.4686
73.4686
73.4686
73.4686
73.4686
73.4686
73.4686
73.4686
73.4686
73.4686
73.4686
73.4686
73.4686
73.4686
73.4686
73.4686
73.4686
73.4686
73.4686
73.4686
73.4686
73.4686
73.4686
73.4686
73.4686
73.4686
73.4686
73.4686
73.4686
73.4686
73.4686
73.4686
73.4686
73.4686
73.4686
73.4642
73.311
72.971
72.4777
72.3744
72.3744
72.3744
72.3744
72.3744
72.3744
72.3744
72.3744
72.3744
72.3744
72.3744
72.3744
72.3744
72.3744
72.3744
72.3744
72.3744
72.3744
72.3744
72.3714
72.294
72.0382
71.7508
71.6307
71.6307
71.6307
71.6307
71.6307
71.6307
71.6307
71.6307
71.6307
71.6307
71.6307
71.6307
71.6307
71.6307
71.6307
71.6307
71.6307
71.6307
71.6307
71.6307
71.6307
71.6307
71.6307
71.6234
71.4626
70.9874
70.198
69.8033
69.8033
69.8033
69.8033
69.8033
69.8033
69.8033
69.8033
69.8033
69.8033
69.8033
69.8033
69.8027
69.7918
69.7474
69.6801
69.6531
69.6531
69.6531
69.6531
69.6531
69.6531
69.6531
69.6531
69.6531
69.6531
69.6531
69.6531
69.6531
69.6531
69.6531
69.6531
69.6531
69.6531
69.6531
69.6531
69.6531
69.6531
69.6531
69.6531
69.6507
69.6058
69.4011
69.1254
69.0616
69.0616
69.0616
69.0616
69.0616
69.0616
69.0616
69.0616
69.0616
69.0616
69.0616
69.0616
69.0616
69.0616
69.0616
69.0616
69.0616
69.0616
69.0616
69.0616
69.0616
69.0616
69.0616
69.0616
69.0616
69.0616
69.0616
69.0616
69.0616
69.0616
69.0616
69.0616
69.0616
69.0616
69.0616
69.0616
69.0616
69.0616
69.0616
69.0616
69.0616
69.0616
69.0616
69.0616
69.0608
69.0481
68.9861
68.9286
68.8748
68.8748
68.8748
68.8748
68.8748
68.8748
68.8748
68.8748
68.8748
68.8748
68.8748
68.8748
68.8748
68.8748
68.8748
68.8748
68.8748
68.8748
68.8748
68.8748
68.8748
68.8748
68.8748
68.8748
68.8748
68.8748
68.8748
68.8748
68.8748
68.8748
68.8748
68.8748
68.8748
68.8748
68.8748
68.8748
68.8748
68.8748
68.8748
68.8748
68.8748
68.8726
68.8275
68.6634
68.4757
68.3377
68.3377
68.3377
68.3377
68.3374
68.3316
68.2931
68.1932
68.0528
67.9621
67.9621
67.9621
67.9621
67.9621
67.9621
67.9621
67.9621
67.9621
67.9621
67.9621
67.9621
67.9621
67.9621
67.9621
67.9621
67.9621
67.9621
67.9621
67.9621
67.9621
67.9621
67.9621
67.9621
67.9621
67.9621
67.9621
67.9621
67.9621
67.9621
67.9621
67.9621
67.9621
67.9621
67.9621
67.9621
67.9621
67.9621
67.9603
67.933
67.8132
67.6316
67.5082
67.506
67.4695
67.3515
67.1239
66.9716
66.9716
66.9716
66.9716
66.9716
66.9716
66.9716
66.9716
66.9716
66.9716
66.9716
66.9716
66.9716
66.9716
66.9716
66.9716
66.9716
66.9716
66.9716
66.9716
66.9716
66.9716
66.9716
66.9716
66.9716
66.9716
66.9716
66.9716
66.9716
66.9716
66.9716
66.9716
66.9716
66.9716
66.9716
66.9716
66.9716
66.9716
66.9716
66.9716
66.9716
66.9716
66.9716
66.9716
66.9716
66.9716
66.9716
66.9716
66.9716
66.9716
66.9716
66.9716
66.9716
66.9716
66.9716
66.9716
66.9716
66.9716
66.9716
66.9716
66.9716
66.9716
66.9716
66.9716
66.9676
66.8965
66.7029
66.3936
65.9952
65.9839
65.9839
65.9839
65.9839
65.9839
65.9839
65.9839
65.9839
65.9839
65.9839
65.9839
65.9839
65.9839
65.9839
65.9839
65.9839
65.9839
65.9839
65.9839
65.9839
65.9839
65.9839
65.9839
65.9839
65.9839
65.9839
65.9839
65.9839
65.9839
65.9839
65.9839
65.9839
65.9839
65.9839
65.9839
65.9839
65.9839
65.9839
65.9839
65.9839
65.9839
65.9839
65.9839
65.9839
65.9839
65.9839
65.9839
65.9839
65.9839
65.9839
65.9839
65.9839
65.9839
65.9839
65.9839
65.9839
65.9839
65.9839
65.9839
65.9839
65.9839
65.9839
65.9839
65.9839
65.9839
65.9786
65.8676
65.417
64.9186
64.6559
64.6559
64.6559
64.6559
64.6559
64.6559
64.6559
64.6559
64.6559
64.6559
64.6559
64.6559
64.6559
64.6559
64.6559
64.6559
64.6559
64.6559
64.6559
64.6559
64.6559
64.6559
64.6559
64.6559
64.6559
64.6559
64.6559
64.6559
64.6559
64.6559
64.6559
64.6559
64.6559
64.6559
64.6559
64.6559
64.6559
64.6559
64.6559
64.6559
64.6559
64.6559
64.6559
64.6559
64.6559
64.6559
64.6559
64.6559
64.6559
64.6559
64.6559
64.6559
64.6559
64.6559
64.6559
64.6559
64.6559
64.6559
64.6559
64.6559
64.6559
64.6559
64.6559
64.6559
64.6559
64.6559
64.6559
64.6559
64.6559
64.6559
64.6559
64.6559
64.6559
64.6559
64.6559
64.6559
64.6559
64.6559
64.6559
64.6559
64.6559
64.6559
64.6559
64.6559
64.6559
64.6559
64.6559
64.6559
64.6559
64.6559
64.6559
64.6559
64.6559
64.6559
64.6559
64.6559
64.6559
64.6559
64.6559
64.6559
64.6559
64.6559
64.6559
64.6559
64.6559
64.6559
64.6559
64.6559
64.6559
64.6559
64.6559
64.6559
64.6559
64.6559
64.6464
64.4655
63.7051
62.8
62.275
62.275
62.275
62.275
62.275
62.275
62.275
62.275
62.275
62.275
62.275
62.275
62.275
62.275
62.275
62.275
62.275
62.275
62.275
62.275
62.275
62.275
62.275
62.275
62.275
62.275
62.275
62.275
62.275
62.275
62.275
62.275
62.275
62.275
62.275
62.275
62.275
62.275
62.275
62.275
62.275
62.275
62.275
62.275
62.275
62.275
62.275
62.275
62.275
62.275
62.275
62.275
62.275
62.275
62.275
62.275
62.275
62.275
62.275
62.275
62.275
62.275
62.275
62.275
62.275
62.275
62.275
62.275
62.275
62.275
62.275
62.275
62.275
62.275
62.275
62.275
62.275
62.275
62.275
62.2746
62.2646
62.2235
62.178
62.1612
62.1612
62.1612
62.1612
62.1612
62.1612
62.1612
62.1612
62.1612
62.1612
62.1612
62.1612
62.1612
62.1612
62.1612
62.1612
62.1612
62.1612
62.1612
62.1612
62.1612
62.1612
62.1612
62.1612
62.1612
62.1612
62.1612
62.1612
62.1612
62.1612
62.1612
62.1612
62.1612
62.1612
62.1612
62.1612
62.1612
62.1612
62.1612
62.1612
62.1612
62.1612
62.1612
62.1612
62.1612
62.1612
62.1612
62.1612
62.1612
62.1612
62.1612
62.1612
62.1612
62.1612
62.1612
62.1612
