2769.8
2663.19
2604.31
2567.33
2504.03
2428.7
2374.96
2328.26
2281.77
2261.48
2224.28
2182.18
2132.06
2113.13
2092.64
2060.19
2007.11
1962.86
1931.18
1902.43
1859.32
1796.81
1749.52
1726.71
1708.05
1672.22
1630.49
1594.92
1564.22
1550.07
1526.91
1507.85
1491.23
1470.95
1447.24
1429.56
1407.33
1386.32
1380.84
1375.72
1367.6
1351.22
1335.18
1323.56
1307.17
1288.94
1278.45
1266.33
1254.5
1242.07
1221.85
1209.38
1199.52
1186.44
1175.24
1166.49
1153.5
1134.73
1125.34
1121.21
1112.53
1090.9
1065.93
1055.96
1045.95
1022.64
984.301
977.209
973.929
968.354
956.79
944.236
936.109
932.242
925.116
910.023
888.476
870.378
858.849
846.566
828.072
812.977
804.29
802.399
797.934
790.606
781.315
772.321
767.644
762.161
758.439
755.958
751.661
747.993
744.382
741.007
736.424
729.047
719.564
712.793
707.642
702.557
698.262
693.091
681.519
668.4
663.271
661.357
657.497
648.709
635.611
626.996
623.614
620.866
617.623
610.75
601.824
598.576
595.703
592.835
590.256
587.322
581.551
573.546
568.597
567.012
565.431
561.51
556.083
551.397
548.967
546.923
545.97
544.889
542.785
537.447
525.127
506.942
499.038
494.827
493.146
491.73
488.067
484.962
482.934
481.902
479.812
475.965
471.797
468.557
468.157
466.739
462.782
458.188
455.259
452.399
447.93
441.15
431.475
431.093
430.282
428.372
426.514
424.636
422.198
417.96
412.466
407.452
405.606
403.558
402.149
399.85
397.776
395.96
394.01
392.309
389.097
385.343
382.276
381.599
381.494
380.806
379.242
376.455
370.196
365.241
362.144
360.926
359.151
357.896
356.5
354.424
353.457
352.96
350.732
347.67
347.008
346.922
346.39
345.536
343.645
341.662
340.645
339.755
338.537
337.142
336.782
336.15
335.067
333.773
331.625
328.722
326.866
326.862
326.789
326.521
326.166
325.982
325.816
325.532
325.033
324.442
324.287
324.21
323.893
323.334
322.753
321.314
319.111
318.084
317.693
317.369
317.113
316.784
315.613
313.817
311.835
310.92
309.658
308.265
307.474
306.897
304.896
302.107
300.346
298.979
296.855
296.22
296.149
295.838
295.204
294.439
294.091
293.58
292.506
290.8
289.333
287.872
287.176
286.608
285.697
284.569
282.954
282.17
281.904
281.443
280.995
280.695
280.425
280.085
279.661
279.5
279.468
279.459
279.402
279.187
278.772
278.258
277.67
276.429
274.158
271.478
270.21
269.773
269.768
269.71
269.278
268.326
266.55
264.903
264.322
264.176
263.531
262.703
262.529
262.301
261.693
259.75
256.685
253.222
251.845
251.116
251.001
250.828
250.553
250.151
249.821
249.572
249.469
249.469
249.469
249.469
249.465
249.442
249.387
249.337
249.308
249.081
248.317
247.364
246.901
246.896
246.795
246.413
245.971
245.716
245.61
245.112
244.507
244.217
244.181
244.092
243.749
242.708
240.439
237.385
235.124
234.967
234.717
234.309
233.801
233.024
232.469
231.563
230.787
230.157
229.811
229.747
229.023
226.539
222.678
221.997
221.933
221.728
221.469
221.142
220.555
219.889
219.363
219.24
219.239
219.215
218.997
218.432
217.695
217.256
217.25
217.149
216.736
215.819
213.976
211.467
209.553
209.553
209.537
209.306
208.394
207.311
206.673
205.61
204.156
202.341
201.261
200.564
200.314
200.253
200.013
199.352
198.121
196.55
195.57
195.187
194.507
193.665
192.47
191.348
191.338
191.327
191.29
190.837
188.794
185.446
183.863
183.86
183.805
183.5
182.739
181.636
180.523
180.076
180.076
180.076
180.076
180.076
180.065
179.994
179.72
179.188
178.342
177.357
177.128
177.128
177.128
177.128
177.128
177.12
177.003
176.58
175.879
175.141
175.095
174.923
174.563
174.31
174.1
173.662
173.061
172.899
172.899
172.895
172.794
172.197
170.943
170.207
169.721
169.719
169.706
169.671
169.546
169.325
169.161
169.068
168.912
168.782
168.669
168.221
167.697
167.436
167.409
167.322
167.059
166.654
166.229
166.007
166.004
165.926
165.693
165.395
165.259
165.255
165.222
165.11
164.994
164.937
164.832
164.468
163.919
163.407
163.393
163.31
163.027
162.688
162.626
162.626
162.624
162.595
162.489
162.256
161.842
161.335
160.839
160.658
160.658
160.658
160.649
160.479
159.627
158.668
158.303
158.302
158.273
158.183
157.998
157.738
157.446
157.252
157.243
157.007
156.225
155.251
154.795
154.433
153.757
153.476
153.31
153.3
153.15
152.627
152.031
151.95
151.95
151.95
151.95
151.945
151.858
151.418
150.912
150.671
150.669
150.623
150.448
150.198
150.129
150.046
149.733
149.263
149.036
149.036
149.036
149.032
148.944
148.631
148.174
147.98
147.968
147.922
147.855
147.809
147.808
147.798
147.619
147.105
146.377
145.857
145.473
145.343
145.343
145.343
145.342
145.305
145.152
144.963
144.909
144.908
144.9
144.868
144.836
144.815
144.815
144.815
144.815
144.815
144.815
144.815
144.815
144.815
144.813
144.784
144.681
144.51
144.404
144.385
144.316
144.148
143.952
143.727
143.66
143.66
143.66
143.66
143.66
143.66
143.66
143.66
143.66
143.66
143.66
143.66
143.66
143.659
143.636
143.561
143.444
143.401
143.401
143.401
143.401
143.4
143.384
143.316
143.229
143.199
143.195
143.146
142.846
142.085
141.038
140.659
140.631
140.537
140.408
140.357
140.086
139.29
138.4
137.737
137.734
137.633
137.322
136.98
136.873
136.873
136.873
136.87
136.811
136.575
136.223
136.173
136.172
136.158
136.098
136.012
135.97
135.97
135.97
135.97
135.97
135.97
135.97
135.97
135.97
135.97
135.97
135.951
135.691
134.406
132.742
131.319
131.319
131.312
131.287
131.261
131.253
131.253
131.253
131.253
131.243
131.109
130.545
129.61
128.872
128.872
128.872
128.872
128.872
128.872
128.872
128.872
128.872
128.866
128.743
128.345
127.793
127.34
127.34
127.34
127.339
127.317
127.214
127.096
127.005
127.001
126.948
126.712
126.304
126.06
126.054
125.946
125.497
124.728
124.39
124.347
124.32
124.276
124.03
123.201
122.108
121.618
121.618
121.586
120.805
118.752
115.065
113.483
113.483
113.483
113.483
113.483
113.483
113.483
113.483
113.483
113.483
113.481
113.454
113.349
113.149
112.915
111.996
110.39
109.374
108.992
108.869
108.851
108.494
107.153
105.24
104.4
104.4
104.393
104.252
103.701
102.907
102.639
102.639
102.639
102.639
102.638
102.615
102.537
102.426
102.392
102.392
102.39
102.356
102.196
101.977
101.917
101.917
101.917
101.917
101.917
101.917
101.917
101.916
101.911
101.827
101.58
101.268
101.132
101.132
101.132
101.124
101
100.621
100.094
99.9938
99.9938
99.9938
99.9921
99.9492
99.7362
99.3334
98.8557
98.5993
98.5993
98.5993
98.5993
98.596
98.5393
98.2678
97.9623
97.7233
97.5602
97.2912
97.0906
97.081
97.081
97.0803
97.0689
97.0243
96.9554
96.8532
96.6508
96.3919
96.2939
96.2563
96.2385
96.2049
96.0848
95.8976
95.7622
95.6172
95.3664
95.2306
95.2239
95.1306
94.8001
94.0328
93.5479
93.4617
93.3386
93.2573
93.2573
93.2573
93.2573
93.2573
93.2573
93.2573
93.2573
93.257
93.252
93.2316
93.2055
93.1861
93.1835
93.1817
93.1817
93.1817
93.1817
93.1785
93.1153
92.9161
92.6379
92.3913
92.3913
92.3913
92.3913
92.3874
92.2953
91.9842
91.576
91.4135
91.4135
91.4135
91.4124
91.3959
91.3081
91.2115
91.139
91.139
91.139
91.139
91.1368
91.0974
90.9311
90.723
90.5919
90.5919
90.5905
90.5579
90.4536
90.3103
90.2519
90.2517
90.2478
90.2352
90.2192
90.211
90.2101
90.1951
90.1322
90.0551
89.9896
89.9896
89.9896
89.9896
89.9896
89.985
89.9113
89.5706
89.076
88.8386
88.8386
88.8383
88.8312
88.8109
88.7795
88.7032
88.3855
87.7728
87.5419
87.5419
87.5412
87.524
87.47
87.3988
87.3691
87.3691
87.3675
87.3265
87.1968
87.011
86.9294
86.8851
86.8479
86.7964
86.7115
86.5815
86.4533
86.4098
86.4098
86.4098
86.4098
86.4092
86.3953
86.3538
86.2865
86.1567
85.784
85.3099
85.1733
85.1728
85.1715
85.1695
85.1687
85.1687
85.1685
85.1636
85.1466
85.125
85.1151
85.1151
85.1151
85.1151
85.1151
85.1151
85.1151
85.1151
85.1151
85.1151
85.1151
85.1151
85.1151
85.1151
85.1151
85.1151
85.1151
85.1151
85.1151
85.1151
85.1151
85.1139
85.0934
85.0115
84.8982
84.8139
84.8132
84.8012
84.7511
84.6791
84.6375
84.6375
84.6375
84.6375
84.6375
84.6375
84.6375
84.6375
84.6375
84.6375
84.6375
84.6375
84.6375
84.6375
84.6375
84.6375
84.6375
84.6375
84.6375
84.6375
84.6375
84.6375
84.6375
84.6359
84.5982
84.5119
84.3644
84.2449
84.2449
84.2449
84.2449
84.2449
84.2433
84.2043
84.0502
83.9188
83.8392
83.8392
83.8392
83.8392
83.8392
83.8392
83.8392
83.8392
83.8392
83.8392
83.8392
83.8392
83.8392
83.8392
83.8392
83.8392
83.8392
83.8392
83.8392
83.8392
83.8392
83.8392
83.8392
83.8392
83.8392
83.8392
83.8392
83.8392
83.8392
83.8392
83.8392
83.8392
83.8392
83.8392
83.8392
83.8392
83.8392
83.8392
83.8392
83.8392
83.8392
83.8392
83.8392
83.8392
83.8392
83.8392
83.8392
83.8392
83.8392
83.8392
83.8392
83.8392
83.8392
83.8392
83.8392
83.8392
83.8392
83.8392
83.8392
83.8392
83.8392
83.8392
83.8392
83.8392
83.8392
83.8392
83.8392
83.8392
83.8392
83.8392
83.8392
83.8392
83.8392
83.8392
83.8392
83.8392
83.8392
83.8392
83.8392
83.8392
83.8392
83.8392
83.8392
83.8392
83.8392
83.8392
83.8392
83.8392
83.8392
83.8392
83.8392
83.8353
83.7915
83.5954
83.2154
82.8437
82.8302
82.7725
82.6992
82.6747
82.6747
82.6747
82.6747
82.6747
82.6747
82.6747
82.6747
82.6747
82.6747
82.6747
82.6747
82.6747
82.6747
82.6747
82.6747
82.6747
82.6747
82.6747
82.6747
82.6747
82.6747
82.6747
82.6747
82.6747
82.6747
82.6747
82.6747
82.6747
82.6747
82.6747
82.6747
82.6747
82.6747
82.6747
82.6747
82.6747
82.6747
82.6747
82.6747
82.6747
82.6747
82.6747
82.6747
82.6747
82.6747
82.6747
82.6747
82.6747
82.6741
82.6625
82.613
82.5423
82.514
82.514
82.514
82.514
82.514
82.514
82.514
82.514
82.514
82.514
82.514
82.514
82.514
82.514
82.514
82.514
82.514
82.514
82.514
82.514
82.514
82.514
82.514
82.514
82.514
82.514
82.514
82.514
82.514
82.514
82.514
82.514
82.514
82.514
82.514
82.514
82.514
82.514
82.514
82.514
82.514
82.514
82.514
82.514
82.514
82.514
82.514
82.514
82.514
82.514
82.514
82.514
82.514
82.514
82.514
82.514
82.514
82.514
82.514
82.514
82.514
82.514
82.514
82.514
82.514
82.514
82.514
82.514
82.514
82.514
82.514
82.5129
82.4897
82.3949
82.2897
82.2249
82.2249
82.2045
81.7949
80.1465
78.1494
77.1053
77.1053
77.1053
77.1053
77.1053
77.1053
77.1053
77.1053
77.1053
77.1053
77.1053
77.1053
77.1053
77.1053
77.1053
77.1048
77.1001
77.072
77.0266
76.9972
76.9972
76.9972
76.9972
76.9972
76.9972
76.9972
76.9972
76.9972
76.9972
76.9972
76.9972
76.9972
76.9972
76.9972
76.9972
76.9972
76.9972
76.9972
76.9972
76.9972
76.9972
76.9972
76.9972
76.9972
76.9972
76.9972
76.9972
76.9972
76.9972
76.9972
76.9972
76.9972
76.9972
76.9972
76.9972
76.9972
76.9972
76.9972
76.9972
76.9972
76.9972
76.9972
76.9972
76.9972
76.9972
76.9972
76.9972
76.9972
76.9972
76.9972
76.9972
76.9972
76.9972
76.9972
76.9972
76.9972
76.9972
76.9972
76.9972
76.9972
76.9972
76.9972
76.9972
76.9972
76.9972
76.9972
76.9972
76.9972
76.9972
76.9972
76.9972
76.9972
76.9972
76.9972
76.9972
76.9972
76.9972
76.9972
76.9527
76.0162
72.0194
67.3243
65.8739
65.8739
65.8739
65.8593
65.5969
64.5677
62.9718
62.2298
62.2298
62.2298
62.2298
62.2298
62.2298
62.2298
62.2298
62.2298
62.2298
62.2298
62.2298
62.2298
62.2298
62.2298
62.2298
62.2298
62.2298
62.2298
62.2298
62.2298
62.2298
62.2298
62.2298
62.2298
62.2298
62.2298
62.2298
62.2298
62.2298
62.2298
62.2298
62.2298
62.2298
62.2298
62.2298
62.2298
62.2298
62.2298
62.2298
62.2298
62.2298
62.2298
62.2298
62.2298
62.2298
62.2298
62.2298
62.2298
62.2298
62.2298
62.2298
62.2298
62.2298
62.2298
62.2298
62.2298
62.2298
62.2298
62.2298
62.2298
62.2298
62.2298
62.2298
62.2298
62.2298
62.2298
62.2298
62.2298
62.2298
62.2298
62.2298
62.2298
62.2298
62.2298
62.2298
62.2298
62.2298
62.2298
62.2298
62.2298
62.2298
62.2298
62.2298
62.2298
62.2298
62.2298
62.2298
62.2298
62.2298
62.2298
62.2298
62.2298
62.2298
62.2298
62.2298
62.2298
62.2298
62.2298
62.2298
62.2298
62.2298
62.2298
62.2298
62.2298
62.2298
62.2298
62.2298
62.2298
62.2298
62.2298
62.2298
62.2298
62.2298
62.2298
62.2298
62.2298
62.2298
62.2298
62.2298
62.2298
62.2267
62.172
61.9139
61.6153
61.4699
61.459
61.428
61.3816
61.347
61.347
61.347
61.347
61.347
61.347
61.347
61.347
61.3389
61.176
60.5163
59.7202
59.3109
59.3109
59.3109
59.3109
59.3109
59.3109
59.3109
59.3109
59.3109
59.3109
59.3109
59.3109
59.3109
59.3109
59.3109
59.3109
59.3109
59.3109
59.3109
59.3109
59.3109
59.3109
59.3109
59.3109
59.3109
59.3109
59.3109
59.3109
59.3109
59.3109
59.3109
59.3109
59.3109
59.3109
59.3109
59.3109
59.3109
59.3109
59.3109
59.3109
59.3109
59.3109
59.3109
59.3109
59.3109
59.3099
59.2801
59.1947
59.0825
59.0626
59.0626
59.0626
59.0626
59.0626
59.0626
59.0626
59.0626
59.0626
59.0626
59.0626
59.0626
59.0626
59.0626
59.0626
59.0626
59.0626
59.0626
59.0626
59.0626
59.0626
59.0626
59.0626
59.0626
59.0626
59.0626
59.0626
59.0626
59.0626
59.0626
59.0626
59.0626
59.0626
59.0626
59.0626
59.0626
59.0626
59.0626
59.0626
59.0626
59.0626
59.0626
59.0626
59.0626
59.0626
59.0626
59.0626
59.0626
59.0626
59.0626
59.0626
59.0626
59.0626
59.0626
59.0626
59.0626
59.0626
59.0577
58.9584
58.6814
58.1612
57.8213
57.8213
57.8213
57.8213
57.8213
57.8213
57.8213
57.8213
57.8213
57.8213
57.8213
57.8213
57.8213
57.8213
57.8213
57.8213
57.8213
57.8213
57.8213
57.8213
57.8213
57.8213
57.8213
57.8213
57.8213
57.8213
57.8213
57.8213
57.8213
57.8213
57.8213
57.8213
57.8213
57.8213
57.8213
57.8213
57.8213
57.8213
57.8213
57.8213
57.8202
57.8074
57.7445
57.6486
57.5548
57.5548
57.5548
57.5548
57.5548
57.5548
57.5548
57.5548
57.5548
57.5548
57.5548
57.5548
57.5548
57.5548
57.5548
57.5548
57.5548
57.5548
57.5548
57.5548
57.5548
57.5548
57.5548
57.5548
57.5548
57.5548
57.5548
57.5548
57.5548
57.5548
57.5548
57.5548
57.5548
57.5548
57.5548
57.5548
57.5548
57.5548
57.5548
57.5548
57.5548
57.5548
57.5548
57.5548
57.5548
57.5548
57.5548
57.5548
57.5548
57.5548
57.5548
57.5548
57.5548
57.5548
57.5548
57.5548
57.5548
57.5548
57.5548
57.5548
57.5548
57.5548
57.5548
57.5548
57.5548
57.5548
57.5548
57.5548
57.5548
57.5548
57.5548
57.5548
57.5548
57.5548
57.5548
57.5548
57.5548
57.5548
57.5548
57.5548
57.5548
57.5548
57.5548
57.5548
57.5548
57.5548
57.5548
57.5548
57.5548
57.5548
57.5548
57.5548
57.5548
57.5548
57.5548
57.5548
57.5548
57.5548
57.5548
57.5548
57.5548
57.5548
57.5548
57.5548
57.5548
57.5548
57.5548
57.5548
57.5548
57.5548
57.5548
57.5548
57.5548
57.5548
57.5548
57.5548
57.5548
57.5548
57.5548
57.5548
57.5548
57.5548
57.5548
57.5548
57.5548
57.5548
57.5548
57.5548
57.5548
57.5548
57.5548
57.5548
57.5548
57.5548
57.5548
57.5548
57.5548
57.5548
57.5548
57.5548
57.5548
57.5548
57.5548
57.5548
57.5548
57.5548
57.5548
57.5548
57.5548
57.5548
57.5548
57.5548
57.5548
57.5548
57.5548
57.5548
57.5548
57.5548
57.5548
57.5548
57.5548
57.5548
57.5548
57.5548
57.5548
57.5548
57.5548
57.5548
57.5548
57.5548
57.5548
57.5548
57.5548
57.5548
57.5548
57.5548
57.5548
57.5548
57.5548
57.5548
57.5548
57.5548
57.5548
57.5548
57.5548
57.5548
57.5548
57.5548
57.5548
57.5548
57.5548
57.5548
57.5548
57.5548
57.5548
57.5548
57.5548
57.5548
57.5548
57.5548
57.5548
57.5548
57.5548
57.5548
57.5548
57.5548
57.5548
57.5548
57.5548
57.5548
57.5548
57.5548
57.5548
57.5548
57.5548
57.5548
57.5548
57.5548
57.5548
57.5548
57.5548
57.5548
57.5548
57.5548
57.5548
57.5548
57.5548
57.5548
57.5548
57.5548
57.5548
57.5548
57.5548
57.5548
57.5548
57.5548
57.5548
57.5548
57.5548
57.5548
57.5548
57.5548
57.5548
57.5548
57.5548
57.5548
57.5548
57.5548
57.5548
57.5548
57.5548
57.5548
57.5548
57.5548
57.5548
57.5548
57.5548
57.5548
57.5548
57.5548
57.5548
57.5548
57.5548
57.5548
57.5548
57.5548
57.5548
57.5548
57.5548
57.5548
57.5548
57.5548
57.5548
57.5548
57.5548
57.5548
57.5548
57.5548
57.5548
57.5548
57.5548
57.5548
57.5548
57.5548
57.5536
57.5245
57.4177
57.3022
57.2633
57.2633
57.2633
57.2633
57.2633
57.2633
57.2633
57.2633
57.2633
57.2633
57.2633
57.2633
57.2633
57.2633
57.2633
57.2633
57.2633
57.2633
57.2633
57.2633
57.2633
57.2633
57.2633
57.2633
57.2633
57.2633
57.2633
57.2633
57.2633
57.2633
57.2633
57.2633
57.2633
57.2633
57.2633
57.2633
57.2633
57.2633
57.2633
57.2633
57.2633
57.2633
57.2633
57.2633
57.2633
57.2633
57.2633
57.2633
57.2633
57.2633
57.2633
57.2633
57.2633
57.2633
57.2633
57.2633
57.2633
57.2633
57.2633
57.2633
57.2633
57.2633
57.2633
57.2633
57.2633
57.2633
57.2633
57.2633
