2715.75
2504.22
2374.23
2339.13
2293.17
2241.72
2182.53
2130.2
2103.62
2061.84
2025.04
2004.87
1972.64
1929.68
1891.44
1872.44
1852.37
1815.75
1777.35
1755.14
1701.81
1647.89
1613.64
1595.77
1577.12
1561.99
1547.3
1535.56
1528.35
1522.22
1506.54
1479.58
1442.61
1404.05
1387.8
1381.64
1374.53
1366.86
1359.13
1346.32
1328.37
1313.05
1300.29
1282.91
1254.91
1231.81
1221.12
1211.97
1197.81
1181.56
1169.85
1166.75
1163.68
1155.88
1139.69
1121.99
1113.12
1107
1096.64
1079.64
1070.44
1065.21
1055.33
1040.75
1030.3
1030.13
1028.98
1023.67
1013.24
1004.78
999.781
990.64
979.735
965.433
954.594
943.482
933.615
926.779
920.498
913.471
896.251
869.393
862.171
854.859
852.279
848.207
840.442
834.423
830.687
828.765
823.287
815.138
804.915
797.3
790.277
787.275
779.572
774.725
771.543
767.864
765.733
759.369
740.833
718.446
705.158
695.465
692.968
688.899
682.135
671.864
658.15
640.838
633.821
632.076
627.719
621.522
615.179
609.502
606.74
604.599
599.117
593.737
590.222
587.488
584.132
580.727
578.519
577.383
576.027
571.064
560.485
552.376
548.903
547.453
543.324
537.759
536.641
534.869
529.478
523.274
521.761
521.538
520.603
517.788
510.979
501.53
497.167
495.844
491.402
484.111
479.54
474.7
466.259
452.896
443.342
439.46
435.642
430.457
427.985
427.034
424.44
420.014
416.008
411.991
407.32
404.908
404.441
402.855
399.746
395.522
393.802
391.435
387.931
386.396
384.898
383.861
381.77
378.009
374.292
371.856
370.579
369.218
367.136
364.92
363.412
361.343
358.976
357.494
356.502
355.094
352.699
350.662
350.238
350.153
349.753
348.025
344.507
339.689
339.003
338.21
335.68
331.824
328.048
323.595
321.551
319.65
316.665
314.793
313.086
312.485
312.168
311.187
309.082
306.585
304.156
303.587
302.975
301.675
299.741
298.104
294.913
291.014
287.074
283.984
282.581
282.056
281.879
281.456
280.812
280.571
280.471
280.043
279.362
278.706
277.605
277.17
276.99
276.445
275.371
274.529
273.729
272.802
272.013
271.4
270.49
268.905
266.969
265.861
265.122
265.09
265.03
263.418
257.209
245.626
238.078
237.173
236.699
236.082
233.673
230.014
228.401
228.221
227.445
226.194
225.304
224.811
224.415
224.278
224.031
223.474
222.09
219.582
218.395
217.568
216.868
215.906
215.401
215.401
215.401
215.391
215.204
214.52
213.572
212.814
212.072
211.211
210.734
210.732
210.684
210.49
210.087
209.728
209.583
209.424
209.298
209.061
208.62
208.147
207.587
206.571
205.571
203.548
198.491
190.09
186.048
186.044
185.993
185.701
185.025
183.871
183.215
183.05
182.988
182.956
182.75
182.369
182.025
181.699
181.256
180.431
178.988
177.652
177.113
177.113
177.098
176.757
175.54
174.423
173.804
173.333
172.69
172.642
172.642
172.642
172.642
172.627
172.396
171.691
170.88
170.659
170.659
170.659
170.646
170.444
169.686
168.77
168.112
168.108
168.032
167.59
166.499
164.474
161.861
159.762
158.943
158.365
157.882
157.579
157.371
156.76
155.834
155.375
154.911
154.356
153.841
153.839
153.816
153.706
153.577
153.446
153.095
151.689
149.659
148.72
148.72
148.716
148.658
148.445
148.144
147.863
147.453
147.006
146.771
146.632
146.195
145.584
145.444
145.228
144.441
143.643
143.519
143.43
143.112
142.521
141.993
141.645
141.552
141.524
141.397
141.258
141.142
138.472
131.004
120.287
115.461
114.457
113.679
113.545
113.405
113.141
112.769
112.485
112.483
112.433
112.302
112.12
112.001
111.942
111.69
111.201
110.622
110.37
110.273
110.172
109.895
109.276
108.346
107.999
107.867
107.788
107.751
107.73
107.73
107.714
107.452
106.395
104.465
103.877
103.875
103.817
103.638
103.403
103.323
103.311
103.085
102.056
100.89
100.35
100.35
100.35
100.35
100.35
100.35
100.35
100.35
100.347
100.303
100.148
99.9149
99.7622
99.7622
99.7622
99.7622
99.7622
99.7622
99.7622
99.7622
99.7622
99.7622
99.7546
99.6154
99.2007
98.4375
98.1822
98.1628
98.0955
97.9705
97.8344
97.7528
97.6377
97.605
97.605
97.6042
97.5884
97.5122
97.3696
97.1899
96.9855
96.8343
96.7647
96.669
96.5398
96.2024
95.6722
95.2383
95.197
94.8853
94.306
93.4859
93.1749
92.9907
92.413
91.0788
89.5817
88.9205
88.9205
88.9205
88.9205
88.9205
88.9205
88.9205
88.9205
88.9205
88.9192
88.889
88.8059
88.6966
88.623
88.5849
88.5213
88.4895
88.4895
88.4793
88.2947
87.637
86.6389
86.3944
86.3944
86.3918
86.3337
86.1271
85.9309
85.7488
85.7488
85.7488
85.7446
85.6897
85.3899
85.0479
84.697
84.6868
84.6579
84.5829
84.4045
84.2382
84.1481
84.1445
84.0635
83.7379
83.1094
82.7138
82.5083
82.1349
81.5071
81.2474
81.2471
81.2341
81.1233
80.8264
80.4995
80.3732
80.3732
80.3732
80.3732
80.3732
80.3732
80.3732
80.3732
80.3732
80.3732
80.3732
80.3732
80.3732
80.3732
80.3732
80.3732
80.369
80.3062
79.9787
79.5239
79.3267
79.3254
79.3074
79.2198
79.0948
79.0046
79.0046
79.0046
79.0004
78.9075
78.5866
78.1965
77.9148
77.776
77.5667
77.4151
77.4151
77.4151
77.4151
77.4151
77.4151
77.1451
76.2247
74.9397
74.3471
74.3471
74.3471
74.3471
74.3471
74.3471
74.3471
74.3471
74.3471
74.3471
74.3471
74.3442
74.2763
74.0303
73.6539
73.1304
72.6163
72.3142
72.3142
72.3142
72.3142
72.312
72.2733
72.172
72.0048
71.8773
71.8773
71.8773
71.8773
71.8773
71.8773
71.8773
71.8773
71.8755
71.8417
71.7274
71.5231
71.4088
71.4088
71.4088
71.4088
71.4088
71.4088
71.4087
71.4058
71.3972
71.3852
71.377
71.377
71.377
71.377
71.377
71.377
71.377
71.377
71.3748
71.3206
71.1493
70.9086
70.8349
70.8342
70.8179
70.7533
70.683
70.6575
70.6575
70.6575
70.6575
70.6575
70.6575
70.6575
70.6575
70.6575
70.6575
70.6544
70.5934
70.38
70.0965
69.8953
69.8953
69.8953
69.8953
69.8953
69.8953
69.8953
69.8953
69.8953
69.8953
69.895
69.8866
69.854
69.8119
69.8006
69.8006
69.8006
69.8006
69.8006
69.7748
69.6666
69.4538
69.3707
69.3611
69.321
69.27
69.2462
69.2462
69.2462
69.2462
69.2462
69.2462
69.2462
69.2462
69.2462
69.2462
69.2462
69.2462
69.2462
69.2462
69.2462
69.2462
69.2462
69.2439
69.2014
69.03
68.8255
68.6901
68.6901
68.6901
68.6901
68.6901
68.6901
68.6901
68.6901
68.6901
68.6899
68.6845
68.6679
68.6368
68.6232
68.6232
68.6232
68.6232
68.6232
68.6232
68.6232
68.6232
68.6232
68.5657
68.3664
68.0185
67.7787
67.7787
67.7787
67.7787
67.7787
67.7787
67.7787
67.7787
67.7787
67.7787
67.7787
67.7787
67.7787
67.7787
67.7786
67.7758
67.7581
67.7236
67.6863
67.6722
67.6722
67.6722
67.6722
67.6722
67.6722
67.6722
67.6722
67.6722
67.6722
67.6722
67.6695
67.6177
67.416
67.1216
66.9908
66.9908
66.9908
66.9908
66.9908
66.9908
66.9908
66.9908
66.9908
66.9908
66.9908
66.9908
66.9908
66.8905
66.4702
65.9783
65.7968
65.7968
65.7964
65.7919
65.7688
65.7339
65.702
65.7016
65.6951
65.6644
65.6236
65.5999
65.5995
65.5938
65.5647
65.5194
65.5055
65.5055
65.5055
65.5055
65.5012
65.4152
65.0927
64.6082
64.4305
64.4305
64.4305
64.4305
64.4305
64.4305
64.4305
64.4305
64.4305
64.4305
64.4305
64.4305
64.4305
64.4305
64.4305
64.4287
64.3867
64.257
64.0818
63.9924
63.9924
63.9924
63.9924
63.9924
63.9924
63.9924
63.9924
63.9924
63.9924
63.9924
63.9924
63.9924
63.9923
63.9913
63.9864
63.9786
63.9712
63.9712
63.9712
63.9712
63.9712
63.9712
63.9712
63.9712
63.9712
63.9712
63.9712
63.9712
63.9712
63.9712
63.9712
63.9712
63.9712
63.9712
63.9712
63.9712
63.9712
63.9712
63.9712
63.9712
63.9712
63.9712
63.9712
63.9712
63.9712
63.9712
63.9712
63.9712
63.9712
63.9712
63.9712
63.9712
63.9712
63.9712
63.9712
63.9712
63.9712
63.9712
63.9712
63.9712
63.9712
63.9712
63.9712
63.9712
63.9712
63.9712
63.9712
63.9712
63.9712
63.9712
63.9712
63.9712
63.9712
63.9712
63.9712
63.9712
63.9712
63.969
63.92
63.7536
63.5448
63.4151
63.4151
63.4151
63.4151
63.4151
63.4151
63.4142
63.3986
63.3404
63.2606
63.1981
63.1981
63.1981
63.1981
63.1981
63.1981
63.1981
63.1981
63.1981
63.1981
63.1981
63.1981
63.1824
63.1248
63.0505
62.9796
62.9796
62.9796
62.9796
62.9794
62.974
62.9515
62.9274
62.9127
62.9127
62.9127
62.9127
62.9127
62.9127
62.9127
62.9127
62.9127
62.9127
62.9127
62.9127
62.9127
62.9127
62.9127
62.9127
62.9127
62.9127
62.9127
62.9127
62.9127
62.9127
62.9127
62.9127
62.9127
62.9127
62.9127
62.9127
62.9127
62.9127
62.9127
62.9127
62.9127
62.9127
62.9127
62.9127
62.9127
62.9127
62.9127
62.8825
62.7525
62.598
62.4415
62.4415
62.4415
62.4415
62.4415
62.4413
62.4404
62.4391
62.4388
62.4388
62.4388
62.4388
62.4388
62.4388
62.4388
62.4388
62.4388
62.4388
62.4388
62.4388
62.4388
62.4388
62.4386
62.433
62.4131
62.384
62.3776
62.3776
62.3776
62.3776
62.3776
62.3776
62.3776
62.3776
62.3776
62.3776
62.3776
62.3776
62.3776
62.3776
62.3776
62.3776
62.3776
62.3776
62.3776
62.3776
62.3776
62.327
62.1104
61.8179
61.6745
61.6745
61.6745
61.6745
61.6745
61.6745
61.6745
61.6745
61.6745
61.6745
61.6745
61.6745
61.6736
61.6632
61.613
61.541
61.4578
61.4578
61.4578
61.4578
61.4578
61.4578
61.4578
61.4578
61.4578
61.4578
61.4578
61.4578
61.4578
61.4578
61.4578
61.4578
61.4578
61.4578
61.4578
61.4577
61.4566
61.4387
61.3638
61.2619
61.2257
61.2257
61.2242
61.1928
61.09
60.9629
60.8668
60.8414
60.7072
60.4462
60.4153
60.4153
60.4153
60.4153
60.4153
60.4153
60.4153
60.4153
60.4153
60.4153
60.4153
60.4153
60.4153
60.4153
60.4153
60.4153
60.4153
60.4153
60.4153
60.4153
60.4153
60.4153
60.4153
60.4153
60.4153
60.4153
60.4153
60.4153
60.4153
60.4153
60.4153
60.4153
60.4153
60.4147
60.3993
60.3387
60.2567
60.2488
60.2488
60.2488
60.2488
60.2488
60.2488
60.2488
60.2488
60.2488
60.2488
60.2488
60.2488
60.2488
60.2488
60.2488
60.2488
60.2488
60.2488
60.2488
60.2488
60.2488
60.2488
60.2488
60.2488
60.2488
60.2488
60.2488
60.2442
60.1608
59.8372
59.3434
59.1161
59.1161
59.1161
59.1161
59.1161
59.1161
59.1161
59.1161
59.1161
59.1161
59.1161
59.1161
59.1161
59.1161
59.1161
59.1161
59.1161
59.1161
59.1161
59.1161
59.1161
59.1161
59.1161
59.1161
59.1161
59.1161
59.1161
59.1161
59.1161
59.1161
59.1161
59.1161
59.1161
59.1161
59.1161
59.1161
59.1161
59.1161
59.1161
59.1161
59.1161
59.1161
59.1161
59.1161
59.1161
59.1161
59.1161
59.1161
59.1161
59.1161
59.1161
59.1161
59.1161
59.1161
59.1161
59.1161
59.1161
59.1161
59.1161
59.1161
59.1161
59.1161
59.1161
59.1161
59.1161
59.1161
59.1161
59.1161
59.1161
59.1161
59.1161
59.1161
59.1161
59.1161
59.1161
59.1161
59.1161
59.1161
59.1156
59.1134
59.1105
59.1097
59.1097
59.1097
59.1097
59.1097
59.1097
59.1097
59.1097
59.1097
59.1097
59.1097
59.1097
59.1097
59.1097
59.1097
59.1097
59.1097
59.1097
59.1097
59.1097
59.1097
59.1097
59.1092
59.0969
59.054
58.9965
58.9908
58.9908
58.9908
58.9908
58.9908
58.9908
58.9908
58.9908
58.9908
58.9908
58.9908
58.9908
58.9908
58.9908
58.9908
58.9908
58.9908
58.9908
58.9908
58.9908
58.9908
58.9908
58.9908
58.9908
58.9908
58.9908
58.9908
58.9908
58.9908
58.9908
58.9908
58.9908
58.9908
58.9908
58.9908
58.9908
58.9908
58.9908
58.9908
58.9908
58.9908
58.9908
58.9908
58.9908
58.9908
58.9908
58.9908
58.9908
58.9908
58.9908
58.9908
58.9908
58.9908
58.9908
58.9908
58.9908
58.9908
58.9908
58.9908
58.9908
58.9908
58.9908
58.9908
58.9908
58.9908
58.9908
58.9908
58.9908
58.9908
58.9908
58.9908
58.9908
58.9283
58.7082
58.3687
58.2471
58.2471
58.2471
58.2471
58.2471
58.2471
58.2471
58.2471
58.2471
58.2471
58.2471
58.2471
58.2471
58.2471
58.2471
58.2471
58.2471
58.2471
58.2464
58.2328
58.1923
58.114
58.0774
58.0774
58.0774
58.0774
58.0774
58.0774
58.0774
58.0774
58.0774
58.0774
58.0774
58.0774
58.0774
58.0774
58.0774
58.0774
58.0774
58.0774
58.0774
58.0774
58.0774
58.0774
58.0774
58.0774
58.0774
58.0774
58.0774
58.0774
58.0774
58.0774
58.0774
58.0774
58.0774
58.0774
58.0774
58.0774
58.0774
58.0774
58.0774
58.0774
58.0774
58.0774
58.0774
58.0774
58.0774
58.0774
58.0774
58.076
58.0581
57.9534
57.8224
57.7328
57.7328
57.7328
57.7328
57.7328
57.7328
57.7328
57.7328
57.7328
57.7328
57.7328
57.7328
57.7328
57.7328
57.7328
57.7328
57.7328
57.7328
57.7328
57.7328
57.7328
57.7328
57.7328
57.7328
57.7135
57.6109
57.4266
57.3612
57.3612
57.3612
57.3612
57.3612
57.3612
57.3612
57.3612
57.3612
57.3612
57.3612
57.3612
57.3612
57.3612
57.3612
57.3612
57.3612
57.3612
57.3612
57.3612
57.3612
57.3612
57.3612
57.3612
57.3612
57.3612
57.3612
57.3612
57.3612
57.3612
57.3612
57.3612
57.3612
57.3612
57.3612
57.3612
57.3612
57.3612
57.3612
57.3612
57.3612
57.3612
57.3612
57.3612
57.3612
57.3612
57.3612
57.335
57.2454
57.1035
57.0166
57.0166
57.0166
57.0166
57.0166
57.0166
57.0166
57.0166
57.0166
57.0166
57.0166
57.0166
57.0166
57.0166
57.0166
57.0166
57.0166
57.0166
57.0166
57.0166
57.0166
57.0166
57.0166
57.0166
57.0166
57.0166
57.0166
57.0166
57.0166
57.0166
57.0166
57.0166
57.0166
57.0166
57.0166
57.0166
57.0166
57.0166
57.0166
57.0166
57.0166
57.0166
57.0166
57.0166
57.0166
57.0166
57.0166
57.0166
57.0166
57.0166
57.0166
57.0166
57.0166
57.0166
57.0166
57.0166
57.0166
57.0166
57.0166
57.0166
57.0166
57.0166
57.0166
57.0166
57.0166
57.0166
57.0166
57.0166
57.0166
57.0166
57.0166
57.0166
57.0166
57.0166
57.0166
57.0166
57.0166
57.0166
57.0166
57.0166
57.0166
57.0166
57.0166
57.0166
57.0166
57.0166
57.0166
57.0166
57.0166
57.0166
57.0166
57.0166
57.0166
57.0166
57.0166
57.0166
57.0166
57.0166
57.0162
57.0056
56.9736
56.9293
56.9102
56.9102
56.9102
56.9088
56.8757
56.7447
56.6081
56.5654
56.5654
56.5654
56.5654
56.5654
56.5654
56.5654
56.5654
56.5654
56.5654
56.5654
56.5654
56.5654
56.5654
56.5654
56.5654
56.5654
56.5654
56.5654
56.5654
56.5654
56.5654
56.5654
56.5654
56.5654
56.5654
56.5654
56.5654
56.5654
56.5654
56.5654
56.5654
56.5654
56.5654
56.5654
56.5654
56.5654
56.5654
56.5654
56.5654
56.5654
56.5654
56.5654
56.5654
56.5654
56.5654
56.5654
56.5654
56.5654
56.5654
56.5654
56.5654
56.5654
56.5654
56.5654
56.5654
56.5654
56.5654
56.5654
56.5654
56.5654
56.5654
56.5654
56.5654
56.5654
56.5654
56.5654
56.5654
56.5654
56.5654
56.5654
56.5654
56.5654
56.5654
56.5654
56.5654
56.5654
56.5654
56.5654
56.5654
56.5654
56.5654
56.5654
56.5654
56.5654
56.5654
56.5654
56.5654
56.5654
56.5654
56.5654
56.5654
56.5654
56.5654
56.5654
56.5654
56.5654
56.5654
56.5654
56.5654
56.5654
56.5654
56.5654
56.5654
56.5654
56.5654
56.5654
56.5654
56.5654
56.5654
56.5654
56.5654
56.5654
56.5654
56.5654
56.5654
56.5654
56.5654
56.5654
56.5654
56.5654
56.5654
56.5654
56.5654
56.5654
56.5654
56.5654
56.5654
56.5654
56.5638
56.5435
56.4546
56.3002
56.1754
56.1754
56.1754
56.1754
56.1754
56.1754
56.1754
56.1754
56.1754
56.1754
56.1754
56.1754
56.1754
56.1754
56.1754
56.1754
56.1754
56.1754
56.1754
56.1754
56.1754
56.1754
56.1754
56.1754
56.1754
56.1754
56.1754
56.1754
56.1754
56.1754
56.1754
56.1754
56.1754
56.1754
56.1754
56.1754
56.1754
56.1754
56.1754
56.1754
56.1754
56.1754
56.1754
56.1754
56.1754
56.1754
56.1754
56.1754
56.1754
56.1754
56.1754
56.1754
56.1754
56.1754
56.1754
56.1754
56.1754
56.1754
56.1754
56.1754
56.1754
56.1754
56.1754
56.1754
56.1754
56.1754
56.1754
56.1754
56.1754
56.1754
56.1754
56.1754
56.1754
56.1754
56.1754
56.1754
56.1754
56.1754
56.1754
56.1754
56.1754
56.1754
56.1754
56.1754
56.1754
56.1754
56.1754
56.1754
56.1754
56.1754
56.1754
56.1754
56.1754
56.1754
56.1754
56.1754
56.1754
56.1754
56.1754
56.1754
56.1754
56.1754
56.1754
56.1754
56.1754
56.1754
56.1754
56.1754
56.175
56.1682
56.1345
56.1005
56.069
56.069
56.069
56.069
56.069
56.069
56.069
56.069
56.069
56.069
56.069
56.069
56.069
56.069
56.069
56.069
56.069
56.069
56.069
56.069
56.069
56.069
56.069
56.069
56.069
56.069
56.069
56.069
56.069
56.069
56.069
56.069
56.069
56.069
56.069
56.069
56.069
56.069
56.069
56.069
56.069
56.069
56.069
56.069
56.069
56.069
56.069
56.069
56.069
56.069
56.069
56.069
56.069
56.069
56.069
56.069
56.069
56.069
56.069
56.069
56.069
56.069
56.069
56.069
56.069
56.069
56.069
56.069
56.069
56.069
56.069
56.069
56.069
56.069
56.069
56.069
56.069
56.069
56.069
56.069
56.069
56.069
56.069
56.069
56.069
56.069
56.069
56.069
56.069
56.069
56.069
56.069
56.069
56.069
56.069
56.069
56.069
56.069
56.069
56.069
56.069
56.069
56.069
56.069
56.069
56.069
56.069
56.069
56.069
56.069
56.069
56.069
56.069
56.069
56.069
56.069
56.069
56.069
56.069
56.069
56.069
56.069
56.069
56.069
56.069
56.069
56.069
56.069
56.069
56.069
56.069
56.069
56.069
56.069
56.069
56.069
56.069
56.069
56.069
56.069
56.069
56.069
