2715.75
2504.22
2374.23
2339.13
2293.17
2241.72
2182.53
2130.2
2103.62
2061.84
2025.04
2004.87
1972.64
1929.68
1891.44
1872.44
1852.37
1815.75
1777.35
1755.14
1701.81
1647.89
1613.64
1595.77
1577.12
1561.99
1547.3
1535.56
1528.35
1522.22
1506.54
1479.58
1442.61
1404.05
1387.8
1381.64
1374.53
1366.86
1359.13
1346.32
1328.37
1313.05
1300.29
1282.91
1254.91
1231.81
1221.12
1211.97
1197.81
1181.56
1169.85
1166.75
1163.68
1155.88
1139.69
1121.99
1113.12
1107
1096.64
1079.64
1070.44
1065.21
1055.33
1040.75
1030.3
1030.13
1028.98
1023.67
1013.24
1004.78
999.781
990.64
979.735
965.433
954.594
943.482
933.615
926.779
920.498
913.471
896.251
869.393
862.171
854.859
852.279
848.207
840.442
834.423
830.687
828.765
823.287
815.138
804.915
797.3
790.277
787.275
779.572
774.725
771.543
767.864
765.733
763.698
760.864
759.064
757.091
752.899
746.619
737.702
733.674
729.001
726.476
724.943
722.834
721.737
720.144
716.108
711.809
710.367
706.484
700.72
696.577
694.342
689.365
681.613
674.491
663.936
655.562
653.417
652.189
649.859
647.755
645.765
642.318
638.189
633.097
621.223
608.447
606.265
604.45
603.809
601.617
594.817
584.651
579.902
572.202
560.905
554.649
553.971
552.555
550.714
547.432
542.138
537.62
535.925
535.137
533.842
532.494
530.942
529.274
528.215
527.399
525.853
523.68
520.053
515.347
508.773
502.578
497.868
494.069
489.219
484.356
479.56
477.127
476.034
473.956
472.252
471.506
470.536
467.692
464.47
461.64
458.389
456.282
455.235
453.482
452.021
450.868
448.941
445.121
440.558
437.442
436.404
434.78
432.061
428.679
427.281
425.977
423.575
422.496
421.551
421.018
419.895
417.785
414.267
412.352
412.177
412.133
412.003
411.254
409.15
406.679
404.715
404.409
403.916
403.377
401.431
398.704
397.373
396.887
395.435
393.026
391.684
390.26
389.386
388.811
387.833
386.725
385.818
384.849
383.289
379.976
373.734
371.176
368.816
366.891
366.611
366.322
365.848
364.861
363.209
361.719
360.885
360.023
358.345
356.185
354.645
353.872
353.371
352.814
352.629
351.847
349.873
347.488
344.634
343.081
342.514
340.911
334.728
328.064
325.639
325.263
324.548
323.895
323.37
322.882
322.596
322.255
321.75
320.967
319.351
316.932
314.84
314.386
314.213
314.114
313.826
313.488
313.449
313.36
313.005
312.423
312.249
311.942
310.777
309.287
308.642
308.059
307.388
307.112
307.063
306.302
303.806
301.103
300.946
300.524
299.77
299.419
299.419
299.408
299.141
297.002
289.426
278.966
273.623
272.88
271.991
271.486
271.223
270.885
269.74
268.202
267.567
267.258
266.3
263.556
259.554
257.431
256.538
255.357
254.167
253.025
251.719
251.067
250.847
250.584
250.239
249.731
249.441
249.441
249.44
249.401
249.275
249.036
248.897
248.807
248.767
248.629
248.047
247.281
246.404
244.725
241.692
241.028
240.972
240.773
240.53
240.195
239.609
238.796
238.084
237.638
237.187
236.546
236.057
235.895
235.711
235.261
234.746
234.33
234.33
234.323
234.296
234.246
234.152
233.714
232.346
230.587
229.344
228.912
228.714
228.426
227.982
227.747
227.717
227.47
226.98
226.438
226.338
226.336
226.3
226.136
225.903
225.641
225.436
225.307
224.963
223.647
222.267
221.847
221.717
221.231
220.58
220.154
220.012
219.349
218.539
218.177
217.922
216.824
215.627
214.626
213.449
211.293
208.827
207.504
207.241
206.871
206.572
206.323
206.157
206.063
205.801
205.53
205.316
205.076
204.747
204.539
204.539
204.536
204.492
204.277
203.233
200.646
196.891
194.604
194.439
194.15
194.02
193.873
193.649
193.402
192.713
191.946
190.443
188.726
187.455
187.23
186.759
186.279
186.139
186.024
185.598
184.947
184.421
184.028
183.525
182.621
181.596
181.45
181.354
181.015
180.553
180.3
180.271
180.231
180.208
180.204
180.2
180.147
179.962
179.661
179.616
179.616
179.609
179.424
178.708
178.016
177.636
177.636
177.636
177.636
177.617
177.246
175.947
173.787
172.55
171.301
169.427
168.06
167.663
167.482
167.239
166.866
166.555
166.433
166.386
166.365
166.301
166.228
166.206
166.187
166.163
166.145
166.141
166.07
165.793
165.205
164.91
164.832
164.832
164.832
164.832
164.831
164.8
164.717
164.593
164.556
164.556
164.556
164.547
164.377
163.67
162.702
162.206
162.206
162.206
162.206
162.206
162.206
162.206
162.206
162.201
162.124
161.763
161.17
160.75
160.699
160.68
160.27
158.886
156.948
155.904
155.904
155.904
155.904
155.904
155.904
155.904
155.904
155.904
155.904
155.894
155.679
154.814
153.859
153.346
153.346
153.346
153.346
153.346
153.344
153.313
153.178
152.953
152.859
152.859
152.859
152.859
152.859
152.859
152.859
152.859
152.859
152.859
152.859
152.859
152.859
152.858
152.826
152.686
152.552
152.446
152.446
152.446
152.446
152.446
152.446
152.443
152.359
151.999
151.643
151.455
151.423
151.272
151.056
150.9
150.9
150.881
150.519
149.168
147.132
145.83
145.72
145.72
145.72
145.72
145.698
145.33
143.992
142.175
141.214
141.214
141.214
141.214
141.214
141.206
141.022
140.625
140.008
139.677
139.677
139.677
139.677
139.677
139.669
139.494
138.781
137.879
137.489
137
136.392
136.047
136.043
135.977
135.657
135.172
135.031
134.977
134.771
134.384
134.246
134.196
134.142
134.113
134.112
134.091
134.021
133.9
133.796
133.769
133.665
133.533
133.5
133.323
132.439
131.401
130.653
130.651
130.607
130.479
130.295
130.174
130.174
130.174
130.173
130.159
130.116
130.043
129.982
129.934
129.884
129.812
129.418
128.985
128.756
128.756
128.756
128.756
128.756
128.756
128.755
128.734
128.644
128.532
128.34
128.011
127.456
127.242
127.242
127.241
127.21
127.111
126.937
126.781
126.643
126.581
126.579
126.512
126.315
126.042
125.971
125.97
125.953
125.863
125.708
125.602
125.541
125.504
125.504
125.504
125.504
125.504
125.504
125.504
125.504
125.504
125.504
125.504
125.504
125.504
125.503
125.472
125.38
125.27
125.191
125.191
125.191
125.19
125.186
125.181
125.177
125.177
125.173
125.082
124.781
124.368
124.137
124.137
124.137
124.137
124.137
124.137
124.136
124.111
124.017
123.887
123.822
123.821
123.821
123.821
123.821
123.818
123.758
123.564
123.203
122.985
122.985
122.985
122.985
122.985
122.985
122.985
122.985
122.985
122.985
122.985
122.985
122.985
122.984
122.959
122.868
122.763
122.727
122.727
122.727
122.727
122.727
122.727
122.727
122.727
122.727
122.727
122.727
122.727
122.727
122.727
122.721
122.688
122.635
122.614
122.614
122.614
122.612
122.587
122.514
122.342
122.188
122.028
121.958
121.958
121.958
121.958
121.958
121.958
121.958
121.958
121.951
121.912
121.863
121.85
121.85
121.85
121.85
121.85
121.85
121.85
121.85
121.85
121.85
121.85
121.849
121.823
121.755
121.625
121.561
121.528
121.406
121.223
121.112
121.112
121.112
121.112
121.112
121.112
121.112
121.112
121.11
121.083
120.982
120.865
120.785
120.785
120.785
120.781
120.701
120.421
120.061
119.951
119.951
119.951
119.937
119.898
119.841
119.81
119.81
119.81
119.81
119.81
119.81
119.81
119.81
119.81
119.81
119.81
119.81
119.809
119.788
119.697
119.487
119.222
119.018
118.842
118.842
118.842
118.842
118.842
118.842
118.842
118.842
118.842
118.842
118.842
118.842
118.842
118.842
118.842
118.842
118.833
118.683
118.303
117.831
117.574
117.42
117.372
117.372
117.372
117.372
117.372
117.372
117.372
117.37
117.34
117.216
117.06
116.978
116.928
116.809
116.613
116.57
116.568
116.512
116.332
116.092
116.014
116.009
115.924
115.614
115.103
114.95
114.95
114.949
114.932
114.855
114.766
114.748
114.748
114.748
114.747
114.732
114.677
114.586
114.527
114.527
114.527
114.527
114.527
114.527
114.527
114.527
114.527
114.527
114.527
114.527
114.527
114.527
114.527
114.527
114.527
114.527
114.523
114.447
114.118
113.612
113.353
113.352
113.35
113.334
113.316
113.307
113.307
113.307
113.305
113.274
113.157
112.875
112.48
112.058
111.586
111.553
111.553
111.553
111.553
111.553
111.553
111.553
111.553
111.553
111.553
111.553
111.553
111.553
111.553
111.553
111.553
111.553
111.553
111.553
111.553
111.553
111.553
111.553
111.553
111.553
111.553
111.553
111.55
111.503
111.297
111.01
110.855
110.855
110.855
110.855
110.855
110.855
110.855
110.855
110.855
110.855
110.855
110.855
110.855
110.855
110.855
110.855
110.855
110.855
110.855
110.841
110.792
110.726
110.698
110.698
110.698
110.698
110.698
110.694
110.682
110.666
110.657
110.657
110.657
110.657
110.657
110.657
110.657
110.657
110.657
110.657
110.657
110.657
110.657
110.657
110.657
110.657
110.657
110.657
110.657
110.657
110.657
110.657
110.657
110.657
110.657
110.657
110.657
110.657
110.657
110.657
110.657
110.657
110.657
110.657
110.657
110.657
110.657
110.657
110.657
110.657
110.657
110.657
110.657
110.657
110.657
110.657
110.657
110.657
110.657
110.657
110.657
110.657
110.657
110.657
110.657
110.656
110.647
110.615
110.558
110.517
110.517
110.517
110.517
110.515
110.484
110.357
110.122
109.949
109.878
109.787
109.749
109.749
109.749
109.749
109.749
109.749
109.749
109.749
109.749
109.749
109.749
109.749
109.749
109.749
109.749
109.749
109.749
109.749
109.749
109.749
109.749
109.749
109.749
109.749
109.749
109.749
109.749
109.749
109.749
109.749
109.749
109.749
109.749
109.749
109.749
109.749
109.749
109.749
109.749
109.749
109.749
109.749
109.749
109.749
109.749
109.749
109.749
109.749
109.749
109.749
109.749
109.749
109.745
109.672
109.392
109.021
108.874
108.874
108.874
108.874
108.874
108.874
108.874
108.874
108.874
108.874
108.874
108.874
108.874
108.874
108.874
108.874
108.874
108.874
108.874
108.874
108.874
108.874
108.874
108.874
108.874
108.874
108.874
108.874
108.874
108.874
108.874
108.874
108.874
108.874
108.874
108.874
108.874
108.874
108.874
108.874
108.874
108.874
108.874
108.874
108.874
108.874
108.874
108.874
108.874
108.874
108.874
108.874
108.874
108.874
108.874
108.874
108.874
108.874
108.874
108.874
108.874
108.874
108.874
108.874
108.874
108.874
108.874
108.874
108.874
108.874
108.874
108.874
108.874
108.874
108.874
108.874
108.874
108.874
108.874
108.874
108.874
108.874
108.874
108.874
108.874
108.874
108.874
108.874
108.874
108.874
108.874
108.874
108.874
108.874
108.874
108.87
108.786
108.445
107.968
107.822
107.822
107.822
107.822
107.822
107.822
107.822
107.822
107.822
107.822
107.822
107.822
107.822
107.822
107.822
107.822
107.822
107.822
107.822
107.822
107.822
107.822
107.822
107.822
107.821
107.798
107.713
107.594
107.557
107.557
107.557
107.557
107.556
107.528
107.387
107.21
107.1
107.1
107.1
107.1
107.1
107.1
107.1
107.1
107.1
107.1
107.1
107.1
107.1
107.1
107.1
107.1
107.1
107.1
107.1
107.1
107.1
107.1
107.1
107.1
107.1
107.1
107.1
107.1
107.1
107.1
107.1
107.1
107.1
107.1
107.1
107.1
107.1
107.1
107.1
107.1
107.1
107.1
107.1
107.1
107.1
107.1
107.1
107.1
107.1
107.1
107.1
107.1
107.1
107.1
107.1
107.1
107.1
107.1
107.1
107.1
107.1
107.1
107.1
107.1
107.1
107.1
107.1
107.1
107.1
107.1
107.1
107.1
107.1
107.1
107.097
107.054
106.897
106.566
106.332
106.332
106.332
106.332
106.332
106.327
106.304
106.266
106.252
106.252
106.252
106.252
106.25
106.201
106.063
105.866
105.766
105.766
105.766
105.766
105.766
105.766
105.766
105.766
105.766
105.766
105.766
105.766
105.766
105.766
105.766
105.766
105.766
105.766
105.766
105.766
105.766
105.766
105.766
105.766
105.766
105.766
105.766
105.766
105.766
105.766
105.766
105.766
105.766
105.766
105.766
105.766
105.766
105.766
105.766
105.766
105.766
105.765
105.745
105.604
105.279
105.017
104.947
104.946
104.914
104.803
104.638
104.41
104.198
104.054
104.054
104.054
104.054
104.054
104.054
104.054
104.054
104.054
104.054
104.054
104.054
104.054
104.054
104.054
104.051
104.005
103.773
103.412
103.236
103.236
103.236
103.236
103.236
103.236
103.236
103.236
103.236
103.236
103.236
103.236
103.236
103.236
103.236
103.236
103.236
103.236
103.236
103.236
103.236
103.236
103.236
103.236
103.236
103.236
103.236
103.235
103.212
103.08
102.87
102.826
102.826
102.826
102.826
102.826
102.824
102.799
102.663
102.488
102.353
102.345
102.345
102.345
102.345
102.345
102.345
102.345
102.345
102.345
102.345
102.345
102.345
102.345
102.345
102.345
102.345
102.345
102.345
102.345
102.345
102.345
102.345
102.345
102.345
102.345
102.345
102.345
102.345
102.345
102.345
102.345
102.345
102.345
102.345
102.345
102.345
102.345
102.345
102.345
102.345
102.345
102.345
102.345
102.345
102.345
102.345
102.345
102.345
102.345
102.345
102.345
102.345
102.345
102.345
102.345
102.345
102.345
102.345
102.345
102.345
102.345
102.345
102.345
102.345
102.345
102.345
102.345
102.345
102.345
102.345
102.345
102.345
102.345
102.335
102.292
102.239
102.212
102.212
102.212
102.212
102.212
102.212
102.212
102.212
102.212
102.212
102.212
102.212
102.212
102.212
102.212
102.212
102.212
102.212
102.212
102.212
102.212
102.212
102.212
102.212
102.212
102.212
102.212
102.212
102.212
102.212
102.212
102.212
102.212
102.212
102.212
102.212
102.212
102.212
102.212
102.212
102.212
102.212
102.212
102.212
102.212
102.212
102.212
102.212
102.212
102.212
102.212
102.212
102.212
102.212
102.212
102.212
102.212
102.212
102.212
102.212
102.212
102.212
102.212
102.212
102.212
102.212
102.212
102.212
102.212
102.212
102.212
102.212
102.212
102.212
102.212
102.212
102.212
102.212
102.212
102.212
102.212
102.212
102.212
102.212
102.212
102.212
102.212
102.212
102.212
102.212
102.212
102.212
102.211
102.207
102.187
102.165
102.15
102.15
102.15
102.15
102.15
102.15
102.15
102.15
102.15
102.15
102.15
102.15
102.15
102.15
102.15
102.15
102.15
102.15
102.15
102.15
102.15
102.15
102.15
102.15
102.149
102.129
102.044
101.937
101.876
101.876
101.876
101.876
101.876
101.876
101.876
101.876
101.876
101.876
101.875
101.837
101.738
101.58
101.483
101.483
101.483
101.483
101.483
101.483
101.483
101.483
101.483
101.483
101.483
101.483
101.483
101.483
101.483
101.483
101.483
101.483
101.483
101.483
101.483
101.483
101.483
101.483
101.483
101.483
101.483
101.483
101.483
101.483
101.483
101.483
101.483
101.483
101.483
101.483
101.483
101.483
101.483
101.483
101.483
101.483
101.483
101.483
101.483
101.483
101.483
101.483
101.483
101.483
101.483
101.483
101.483
101.483
101.483
101.483
101.483
101.483
101.483
101.483
101.483
101.483
101.483
101.483
101.483
101.483
101.483
101.483
101.483
101.483
101.483
101.483
101.483
101.483
101.483
101.483
101.483
101.483
101.483
101.483
101.483
101.483
101.483
101.483
101.483
101.483
101.483
101.483
101.483
101.483
101.483
101.483
101.483
101.483
101.483
101.483
101.483
101.483
101.483
101.483
101.483
101.483
101.483
101.478
101.391
101.046
100.589
100.279
100.279
100.279
100.279
100.279
100.279
100.279
100.279
100.279
100.279
100.279
100.279
100.279
100.279
100.279
100.279
100.279
100.279
100.279
100.279
100.279
100.279
100.279
100.279
100.279
100.279
100.279
100.279
100.279
100.279
100.279
100.279
100.279
100.279
100.279
100.279
100.279
100.279
100.279
100.279
100.279
100.279
100.279
100.279
100.279
100.279
100.279
100.279
100.279
100.279
100.279
100.279
100.279
100.279
100.279
100.279
100.279
100.279
100.279
100.279
100.279
100.279
100.279
100.279
100.279
100.279
100.279
100.279
100.279
100.279
100.279
100.279
100.279
100.279
100.279
100.279
100.279
100.279
100.279
100.279
100.279
100.279
100.279
100.279
100.279
100.279
100.279
100.279
100.279
100.279
100.279
100.279
100.279
100.279
100.279
100.279
100.279
100.279
100.277
100.236
100.087
99.8823
99.6472
99.6472
99.6472
99.6472
99.6472
99.6472
99.6472
99.6472
99.6472
99.6472
99.6472
99.6454
99.5911
99.4284
99.2376
99.1796
99.1796
99.1796
99.1796
99.1796
99.1796
99.1796
99.1796
99.1796
99.1796
99.1796
99.1796
99.1796
99.1796
99.1796
99.1796
99.1796
99.1796
99.1796
99.1796
99.1796
99.1796
99.1796
99.1796
99.1796
99.1796
99.1796
99.1796
99.1796
99.1796
99.1796
99.1796
99.1796
99.1796
99.1796
99.1796
99.1796
99.1796
99.1796
99.1796
99.1796
99.1796
99.1796
99.1796
99.1796
99.1796
99.1796
99.1796
99.1796
99.1796
99.1796
99.1796
99.1796
99.1796
99.1796
99.1796
99.1796
99.1796
99.1796
99.1796
99.1796
99.1796
99.1796
99.1796
99.1796
99.1796
99.1796
99.1796
99.1796
99.1796
99.1796
99.1796
99.1796
99.1796
99.1796
