2706.29
2532.55
2440.01
2368.49
2305.6
2260.65
2201.03
2140.86
2084.72
2043.37
2020.46
2006.95
1978.08
1946.59
1914.16
1886.18
1876.73
1857.66
1832.64
1806.36
1775.9
1735.38
1716.09
1704.52
1686.56
1652.47
1614.43
1587.58
1563
1544.07
1512.28
1467.58
1445.58
1426.74
1402.2
1390.75
1385.2
1373.91
1357.86
1341.5
1323.39
1311.44
1305.25
1299.19
1284.79
1267.68
1248.18
1220.66
1209.33
1202.86
1194.41
1180.61
1144.1
1092.14
1073.41
1068.33
1062.41
1056.15
1049.09
1042.47
1032.92
1024.73
1009.47
992.403
982.216
970.195
946.412
929.611
918.55
912.983
907.302
898.453
887.174
879.528
872.911
859.244
854.247
851.516
846.961
843.362
840.087
836.219
830.707
823.734
815.837
805.787
794.347
788.222
780.69
755.69
727.132
713.811
711.991
710.294
708.754
707.466
705.601
702.77
698.842
693.506
689.765
685.015
681.058
670.826
658.547
652.492
646.878
643.287
642.81
641.226
639.431
637.879
637.527
637.046
636.228
633.699
629.021
624.1
618.78
612.564
608.809
604.891
599.68
595.406
593.154
591.641
590.318
588.28
585.427
583.24
580.783
579.379
575.487
569.654
568.114
567.196
565.024
562.073
559.323
555.62
551.703
549.244
548.821
547.529
545.567
543.837
542.17
540.288
538.632
535.747
531.86
521.442
495.792
449.387
433.147
431.481
429.533
429.397
428.536
426.293
423.029
422.355
421.391
418.004
414.574
412.315
411.77
409.155
402.623
396.069
390.638
390.586
390.357
389.862
389.351
388.746
387.412
383.303
379.419
378.838
378.57
378.026
377.373
376.613
375.611
375.025
374.198
372.94
371.649
369.165
365.905
364.927
364.815
364.281
363.342
362.408
361.326
360.055
359.259
358.903
358.33
352.855
338.116
319.311
313.336
312.645
310.451
306.272
302.468
301.34
301.304
300.782
299.379
297.816
296.915
296.68
295.667
294.012
292.762
292.384
292.32
292.06
291.637
290.937
289.232
286.686
285.231
284.939
283.742
281.779
280.726
279.325
278.91
278.896
278.675
278.144
277.272
276.453
275.492
274.558
274.32
273.959
273.26
272.36
271.627
271.285
270.993
270.81
270.78
270.535
269.656
264.854
252.999
239.166
232.031
231.655
231.126
229.731
227.344
226.551
226.057
225.388
225.093
224.562
223.758
222.969
222.558
222.171
221.381
220.718
220.434
220.417
220.053
218.907
216.698
214.626
212.74
210.233
208.766
208.107
207.134
205.408
204.656
204.656
204.625
204.256
202.693
200.581
198.478
196.199
192.988
190.866
190.474
190.108
189.213
187.976
186.936
185.808
184.36
183.888
183.07
181.419
179.946
178.966
177.715
176.585
175.979
175.823
175.169
174.233
173.426
172.946
171.998
170.984
170.702
170.641
170.349
169.858
169.377
168.774
167.688
165.732
162.807
161.356
160.912
159.83
158.834
158.33
158
157.856
157.642
157.128
156.287
155.516
154.746
153.655
152.301
151.655
150.713
149.392
148.699
148.227
147.239
146.178
144.862
143.851
143.557
143.553
143.437
143.083
142.762
142.527
142.318
142.086
141.909
141.462
140.756
140.358
140.345
140.041
138.859
136.665
135.493
135.061
134.993
134.765
134.375
134.07
133.845
133.25
132.482
131.938
131.938
131.932
131.81
131.441
130.775
130.043
129.44
129.165
128.969
128.714
128.458
128.281
128.229
128.215
128.163
128.097
128.053
128.043
127.995
127.93
127.895
127.857
127.494
126.679
125.751
125.107
125.056
124.879
124.602
124.299
123.924
123.423
122.715
121.771
120.859
120.225
119.542
118.097
116.595
116.063
116.062
116.038
115.974
115.886
115.839
115.836
115.824
115.802
115.641
115.073
114.488
114.29
114.06
113.739
113.652
113.635
113.351
112.592
111.748
111.48
111.439
111.348
111.302
111.22
110.896
110.489
110.163
110.163
110.156
110.022
109.41
108.76
108.393
108.317
108.05
107.612
107.087
106.759
106.698
106.642
106.571
106.538
106.538
106.538
106.538
106.538
106.538
106.538
106.536
106.49
106.191
105.327
104.283
103.783
103.783
103.783
103.782
103.75
103.614
103.473
103.387
103.387
103.387
103.387
103.387
103.387
103.385
103.341
103.169
102.835
102.252
101.627
101.309
101.091
100.265
98.7385
97.8907
97.7897
97.6324
97.5665
97.5665
97.5665
97.5594
97.3674
96.819
96.1742
95.8876
95.4526
94.9548
94.8194
94.8194
94.8194
94.8194
94.8166
94.7745
94.5869
94.3043
94.1198
94.1017
93.9033
92.9717
92.0356
91.3567
91.3567
91.3567
91.356
91.3369
91.2766
91.2102
91.1655
91.1583
91.1249
91.0742
91.0377
91.0377
91.0354
90.9984
90.8712
90.631
90.4276
90.3247
90.1618
90.0882
90.0863
90.0522
89.8856
89.6849
89.6149
89.6149
89.6149
89.6149
89.6149
89.6149
89.6149
89.6147
89.6106
89.5982
89.582
89.5723
89.5718
89.5706
89.546
89.4506
89.3063
89.2238
89.1648
89.1293
89.0685
88.7915
88.5246
88.2882
88.2882
88.2756
88.1024
87.5159
86.6366
86.072
86.072
86.072
86.072
86.072
86.072
86.072
86.072
86.0718
86.0684
86.051
86.0091
85.9706
85.9599
85.9599
85.9599
85.9599
85.9599
85.9549
85.8388
85.4494
84.8969
84.705
84.705
84.705
84.705
84.705
84.705
84.705
84.705
84.6997
84.6249
84.4151
83.9879
83.3552
82.7219
82.3518
82.3518
82.3486
82.2621
82.0185
81.6607
81.5505
81.545
81.4518
81.0517
80.4757
80.1803
80.1803
80.1803
80.1803
80.1803
80.1765
80.126
79.8894
79.5286
79.2104
79.2104
79.2082
79.1637
79.008
78.7938
78.6453
78.6084
78.5361
78.4805
78.4805
78.4805
78.4805
78.4805
78.4805
78.4805
78.4805
78.4805
78.4805
78.4805
78.4805
78.4805
78.4805
78.4805
78.4805
78.4805
78.4805
78.2757
77.4652
76.1754
75.6253
75.6253
75.6253
75.6253
75.6249
75.6178
75.5813
75.52
75.4469
75.4211
75.4211
75.4211
75.4192
75.3979
75.2814
75.1079
74.9533
74.9533
74.9533
74.9533
74.9533
74.9533
74.9533
74.9533
74.9533
74.9533
74.9533
74.9528
74.9421
74.8981
74.8282
74.7667
74.756
74.7471
74.6956
74.643
74.6326
74.6326
74.6326
74.6326
74.6278
74.5125
74.0655
73.532
73.431
73.431
73.431
73.3367
72.9976
72.6009
72.3154
72.2632
72.2427
72.2427
72.2417
72.218
72.141
72.0393
71.9959
71.9959
71.9959
71.9959
71.9959
71.9959
71.9959
71.9959
71.9959
71.9959
71.9959
71.9959
71.9959
71.9959
71.9959
71.9959
71.9959
71.9959
71.9959
71.9959
71.9944
71.9512
71.8324
71.6705
71.6104
71.6104
71.6104
71.6104
71.6104
71.6073
71.539
71.2232
70.803
70.609
70.3842
70.2985
70.2985
70.2985
70.2985
70.1154
69.5331
68.5014
68.01
68.01
68.01
68.01
68.01
68.01
68.01
68.01
68.01
68.01
68.01
68.0097
68.003
67.9854
67.9631
67.943
67.943
67.943
67.943
67.943
67.9403
67.8898
67.6384
67.3432
67.2454
67.2454
67.2447
67.233
67.1863
67.1228
67.0629
67.0629
67.0629
67.0629
67.0629
67.0629
67.0629
67.0629
67.0629
67.0629
67.0629
67.0629
67.0629
67.0629
67.0629
67.0629
67.0629
66.9273
66.5275
65.885
65.2782
65.2782
65.2782
65.2782
65.2782
65.2782
65.2782
65.2782
65.2782
65.2782
65.2782
65.2782
65.2782
65.2782
65.2782
65.2782
65.2782
65.2782
65.2782
65.2782
65.2782
65.2782
65.2782
65.2782
65.2782
65.2782
65.2782
65.2782
65.2782
65.2782
65.2782
65.2782
65.2759
65.2506
65.1311
64.938
64.7036
64.7036
64.7036
64.7015
64.6576
64.4851
64.2648
64.1812
64.1812
64.1812
64.1812
64.1811
64.1806
64.1799
64.1796
64.1796
64.1796
64.1796
64.1796
64.1796
64.1796
64.1796
64.1796
64.1796
64.1796
64.1796
64.1796
64.1796
64.1796
64.1796
64.1796
64.1796
64.1796
64.1796
64.1796
64.1796
64.1796
64.1796
64.1796
64.1796
64.1796
64.1796
64.1796
64.1794
64.1769
64.168
64.1544
64.1478
64.1456
64.0806
63.9054
63.6743
63.6018
63.5891
63.5276
63.3363
63.1229
63.0814
63.0814
63.0814
63.0814
63.0814
63.0814
63.0814
63.0814
63.0814
63.0814
63.0814
63.0814
63.0814
63.0814
63.0814
63.0814
63.0814
63.0809
63.079
63.0766
63.075
63.075
63.075
63.075
63.075
63.075
63.075
63.075
63.075
63.075
63.075
63.075
63.075
63.075
63.075
63.075
63.075
63.075
63.075
63.075
63.075
63.075
63.075
63.075
63.075
63.075
63.075
63.075
63.0746
63.0655
63.036
62.9928
62.9723
62.9723
62.9413
62.8138
62.6294
62.5416
62.5416
62.5416
62.5416
62.5416
62.5416
62.5416
62.541
62.5295
62.4918
62.4343
62.4107
62.4107
62.4107
62.4107
62.4107
62.4107
62.4107
62.4087
62.3594
62.2075
61.9671
61.8973
61.8973
61.8973
61.8973
61.8973
61.8973
61.8973
61.8973
61.8973
61.8973
61.8973
61.8968
61.8858
61.8466
61.8006
61.7908
61.7908
61.7908
61.7908
61.7908
61.7908
61.7908
61.7908
61.7908
61.7908
61.7346
61.534
61.3213
61.2892
61.2892
61.2892
61.2892
61.2892
61.2892
61.2892
61.2892
61.2892
61.2892
61.2892
61.2892
61.2892
61.2892
61.2892
61.2892
61.2892
61.2892
61.2892
61.2892
61.2892
61.2892
61.2892
61.2892
61.2892
61.2892
61.2892
61.2892
61.2892
61.2892
61.2892
61.2892
61.2892
61.2892
61.2892
61.2892
61.2892
61.2892
61.2892
61.2892
61.2892
61.2892
61.2892
61.2892
61.2892
61.2892
61.2892
61.2822
61.2643
61.233
61.2051
61.2051
61.2051
61.2051
61.2051
61.2051
61.2051
61.2051
61.2051
61.2051
61.2051
61.2051
61.2051
61.2051
61.2051
61.2051
61.2051
61.2051
61.2051
61.2051
61.2051
61.2051
61.2051
61.2051
61.2051
61.2051
61.2051
61.2051
61.2051
61.2051
61.2051
61.2051
61.2051
61.2051
61.2051
61.2051
61.2051
61.2051
61.2051
61.2051
61.2051
61.2051
61.2051
61.2051
61.2051
61.2051
61.2051
61.1206
60.6986
60.0595
59.7982
59.7982
59.7982
59.7982
59.7982
59.7982
59.7982
59.7982
59.7982
59.7982
59.7982
59.7982
59.7982
59.7982
59.7982
59.7982
59.7982
59.7982
59.7982
59.7982
59.7982
59.7982
59.7982
59.7982
59.7982
59.7982
59.7982
59.7982
59.7982
59.7982
59.7982
59.7982
59.7982
59.7982
59.7982
59.7982
59.7982
59.7982
59.7982
59.7982
59.7982
59.798
59.7972
59.7961
59.7955
59.7955
59.7955
59.7955
59.7955
59.7955
59.7955
59.7955
59.7955
59.7955
59.7955
59.7955
59.7955
59.7955
59.7955
59.7955
59.7955
59.7955
59.7955
59.7955
59.7955
59.7955
59.7955
59.7955
59.7955
59.7955
59.7955
59.7955
59.7955
59.7955
59.7955
59.7955
59.7955
59.7955
59.7955
59.7955
59.7955
59.7955
59.7955
59.7955
59.7955
59.7955
59.7955
59.7955
59.7955
59.7955
59.7955
59.7955
59.7955
59.7948
59.7846
59.7337
59.6577
59.6188
59.5902
59.5523
59.528
59.528
59.528
59.528
59.528
59.528
59.528
59.528
59.528
59.528
59.528
59.528
59.528
59.528
59.528
59.528
59.528
59.528
59.528
59.528
59.528
59.528
59.528
59.528
59.528
59.528
59.528
59.528
59.528
59.528
59.528
59.528
59.528
59.528
59.528
59.528
59.528
59.528
59.528
59.528
59.528
59.528
59.528
59.528
59.528
59.528
59.528
59.528
59.528
59.528
59.528
59.528
59.528
59.528
59.528
59.528
59.528
59.528
59.528
59.528
59.528
59.5277
59.5269
59.5257
59.5253
59.5253
59.5253
59.5253
59.5253
59.5253
59.5253
59.5253
59.5253
59.5253
59.5253
59.5253
59.5253
59.5253
59.5253
59.5253
59.5253
59.5253
59.5253
59.5253
59.5253
59.5253
59.5253
59.5253
59.5253
59.5253
59.5253
59.5253
59.5253
59.5253
59.5253
59.5253
59.5253
59.497
59.389
59.2078
59.1102
59.1097
59.1097
59.1097
59.1097
59.1097
59.1097
59.1097
59.1097
59.1097
59.1097
59.1097
59.1097
59.1097
59.1097
59.1097
59.1097
59.1097
59.1097
59.1097
59.1097
59.1097
59.1097
59.1097
59.1097
59.1097
59.1097
59.1097
59.1097
59.1097
59.1097
59.1097
59.1097
59.1097
59.1097
59.1097
59.1097
59.1097
59.1097
59.1097
59.1097
59.1097
59.1097
59.1097
59.1097
59.1097
59.1097
59.0731
58.9615
58.7543
58.7112
58.7112
58.7112
58.7112
58.7112
58.7112
58.7112
58.7112
58.7112
58.7112
58.7112
58.7112
58.7112
58.7112
58.7112
58.7112
58.7112
58.7112
58.7112
58.7112
58.7112
58.7112
58.7112
58.7112
58.7112
58.7112
58.7112
58.7112
58.7112
58.7112
58.7112
58.7112
58.7112
58.7112
58.7112
58.7112
58.7112
58.7112
58.7112
58.7112
58.7112
58.7112
58.7112
58.7112
58.7112
58.7112
58.7112
58.7112
58.7112
58.7112
58.7112
58.7112
58.7112
58.7112
58.7112
58.7112
58.7107
58.7036
58.6727
58.6213
58.5923
58.5923
58.5923
58.5923
58.5923
58.5923
58.5923
58.5923
58.5923
58.5923
58.5923
58.5923
58.5923
58.5923
58.5923
58.5923
58.5923
58.5923
58.5923
58.5923
58.5923
58.5923
58.5923
58.5923
58.5923
58.5923
58.5923
58.5923
58.5923
58.5923
58.5923
58.5923
58.5923
58.5923
58.5923
58.5923
58.5923
58.5923
58.5923
58.5923
58.5923
58.5923
58.5923
58.5923
58.5923
58.5923
58.5923
58.5923
58.5923
58.5923
58.5923
58.5923
58.5923
58.5923
58.5923
58.5923
58.5923
58.5923
58.5923
58.5923
58.5923
58.5923
58.5923
58.5923
58.5923
58.5923
58.5923
58.5923
58.5923
58.5923
58.5923
58.5923
58.5923
58.5923
58.5923
58.5923
58.5923
58.5923
58.5923
58.5923
58.5923
58.5923
58.5923
58.5923
58.5923
58.5923
58.5923
58.496
58.0519
57.6382
57.2547
57.2547
57.2547
57.2547
57.2547
57.2547
57.2547
57.2547
57.2547
57.2547
57.2547
57.2547
57.2547
57.2547
57.2547
57.2547
57.2547
57.2547
57.2547
57.2547
57.2547
57.2547
57.2547
57.2547
57.2547
57.2547
57.2547
57.2547
57.2547
57.2547
57.2547
57.2547
57.2547
57.2547
57.2547
57.2547
57.2547
57.2547
57.2547
57.2547
57.2547
57.2547
57.2547
57.2547
57.2547
57.2547
57.2547
57.2547
57.2547
57.2547
57.2547
57.2547
57.2547
57.2547
57.2547
57.2547
57.2547
57.2547
57.2547
57.2547
57.2547
57.2547
57.2547
57.2547
57.2547
57.2547
57.2547
57.2547
57.2547
57.2547
57.2535
57.2265
57.1266
56.9727
56.9343
56.9343
56.9343
56.9343
56.9343
56.9343
56.9343
56.9343
56.9343
56.9343
56.9343
56.9343
56.9343
56.9343
56.9343
56.9343
56.9343
56.9343
56.9343
56.9343
56.9343
56.9343
56.9343
56.9343
56.9343
56.9343
56.9343
56.9343
56.9343
56.9343
56.9343
56.9343
56.9343
56.9343
56.9343
56.9343
56.9343
56.9343
56.9343
56.9343
56.9343
56.9343
56.9343
56.9343
56.9343
56.9343
56.9343
56.9343
56.9343
56.9343
56.9343
56.9343
56.9343
56.9343
56.9343
56.9343
56.9343
56.9343
56.9343
56.9343
56.9343
56.9343
56.9343
56.9343
56.9343
56.9343
56.9343
56.9343
56.9343
56.9343
56.9343
56.9343
56.9343
56.9343
56.9343
56.9343
56.9343
56.9343
56.9343
56.9343
56.9343
56.9343
56.9343
56.9343
56.9343
56.9343
56.9343
56.9343
56.9343
56.9343
56.9343
56.9343
56.9343
56.9343
56.9343
56.9343
56.9343
56.9343
56.9343
56.9343
56.9343
56.9343
56.9343
56.9343
56.9343
56.9343
56.9343
56.9343
56.9343
56.9343
56.9343
56.9343
56.9343
56.9343
56.9343
56.9339
56.9244
56.894
56.8524
56.8315
56.8315
56.8315
56.8315
56.8315
56.8315
56.8315
56.8315
56.8315
56.8315
56.8315
56.8315
56.8315
56.8315
56.8315
56.8315
56.8315
56.8315
56.8315
56.8315
56.8315
56.8315
56.8315
56.8315
56.8315
56.8315
56.8315
56.8315
56.8315
56.8315
56.8315
56.8315
56.8315
56.8315
56.8315
56.8315
56.8315
56.8315
56.8315
56.8315
56.8315
56.8315
56.8315
56.8315
56.8315
56.8315
56.8315
56.8315
56.8315
56.8315
56.8315
56.8315
56.8315
56.8315
56.8134
56.7346
56.642
56.5654
56.5654
56.5654
56.5654
56.5654
56.5654
56.5654
56.5654
56.5654
56.5654
56.5654
56.5654
56.5654
56.5654
56.5654
56.5654
56.5654
56.5654
56.5654
56.5654
56.5654
56.5654
56.5654
56.5654
56.5654
56.5654
56.5654
56.5654
56.5654
56.5654
56.5654
56.5654
56.5654
56.5654
56.5654
56.5654
56.5654
56.5654
56.5654
56.5654
56.5654
56.5654
56.5654
56.5654
56.5654
56.5654
56.5654
56.5613
56.5463
56.521
56.5147
56.5147
56.5147
56.5147
56.5147
56.5147
56.5147
56.5147
56.5147
56.5147
56.5147
56.5147
56.5147
56.5147
56.5147
56.5147
56.5147
56.5147
56.5147
56.5147
56.5147
56.5147
56.5147
56.5147
56.5147
56.5147
56.5147
56.5147
56.5147
56.5147
56.5147
56.5147
56.5147
56.5147
56.5147
56.5147
56.5147
56.5147
56.5147
56.5147
56.5147
56.5147
56.5147
56.5147
56.5147
56.5147
56.5147
56.4903
56.3858
56.2582
56.1754
56.1754
56.1754
56.1754
56.1754
56.1754
56.1754
56.1754
56.1754
56.1754
56.1754
56.1754
56.1754
56.1754
56.1754
56.1754
56.1754
56.1754
56.1754
56.1754
56.1754
56.1754
56.1754
56.1754
56.1754
56.1754
56.1754
56.1754
56.1754
56.1754
56.1754
56.1754
56.1754
56.1754
56.1754
56.1754
56.1754
56.1754
56.1754
56.1754
56.1754
56.1754
56.1754
56.1754
56.1754
56.1754
56.1754
56.1754
56.1754
56.1754
56.1754
56.1754
56.1754
56.1754
56.1754
56.1754
56.1754
56.1754
56.1754
56.1754
56.1754
56.1754
56.1754
56.1754
56.1754
56.1754
56.1754
56.1754
56.1754
56.1754
56.1754
56.1754
56.1754
56.1754
56.1754
56.1754
56.1754
56.1754
56.1754
56.1754
56.1754
56.1754
56.1754
56.1754
56.1754
56.1754
56.1754
56.1754
56.1754
56.1754
56.1754
56.1754
56.1754
56.1754
56.1754
56.1754
56.1754
56.1754
56.1754
56.1754
56.1754
56.1754
56.1754
56.1754
56.1754
56.1754
56.1754
56.1754
56.1754
56.1754
56.1754
56.1754
56.1754
56.1754
56.1754
56.1754
56.1754
56.1754
56.1754
56.1754
56.1754
56.1754
56.1754
56.1754
56.1754
56.1754
56.1754
56.1754
56.1754
56.1754
56.1754
56.1754
56.1754
56.1754
56.1754
56.1754
56.1754
56.1754
56.1754
56.1754
56.1754
56.1754
56.1754
56.1754
56.1754
56.1754
