2767.29
2578.96
2474.57
2432.56
2409.75
2390.95
2367.23
2331.66
2288.77
2233.07
2197.69
2165.13
2144.72
2125.3
2088.18
2043.43
1995.2
1972.21
1944.71
1925.28
1903.92
1881.78
1862.96
1843.52
1823.92
1771.8
1705.35
1682.74
1671.16
1662.06
1645.06
1605.1
1569.29
1555.81
1538.21
1518.27
1498.46
1479.93
1471.34
1460.6
1444.78
1414.9
1381.28
1361.41
1342.34
1319.31
1313.38
1300.91
1283.52
1274.3
1266.58
1246.21
1193.71
1130.16
1119.84
1108.84
1094.57
1084.33
1072.36
1060.43
1047.9
1029.37
1017.65
1004.54
990.181
971.305
956.27
945.365
936.359
924.903
915.416
910.848
909.717
906.839
902.396
895.442
887.574
883.535
880.376
873.971
864.516
855.302
836.886
818.671
811.105
805.272
800.425
797.379
794.885
787.726
776.394
768.057
762.825
755.758
751.205
747.007
733.443
719.173
709.781
701.132
691.311
684.072
676.831
670.222
665.394
662.091
659.52
657.177
654.206
649.922
646.24
642.101
637.356
628.733
618.266
612.623
606.73
600.619
598.479
597.896
597.05
596.527
594.689
591.088
585.384
577.574
572.143
568.829
566.072
560.674
553.473
548.985
547.364
545.322
541.859
539.128
535.768
530.981
523.545
519.067
516.059
513.942
512.934
511.78
508.408
502.689
498.626
493.753
485.609
475.763
470.745
466.817
461.054
458.147
457.431
453.483
445.337
438.471
435.345
434.866
433.391
430.469
428.11
425.315
421.354
416.433
414.537
412.902
410.438
407.603
402.88
400.002
398.501
396.54
392.87
390.062
387.954
386.351
385.029
384.271
382.834
380.717
379.019
378.526
378.332
377.51
375.755
373.362
372.145
371.04
368.554
366.239
365.296
364.518
362.583
359.825
357.608
355.373
352.783
350.07
348.654
347.897
346.739
345.662
344.748
343.234
341.122
338.782
336.771
335.936
335.097
333.727
331.08
326.742
323.911
322.314
320.977
319.587
317.088
313.832
311.764
310.527
308.01
305.375
304.041
302.869
300.86
299.502
298.805
298.112
296.911
295.06
293.388
292.773
292.633
291.868
290.539
289.492
289.212
288.562
286.933
284.661
283.94
282.873
281.147
280.067
279.973
279.596
278.974
278.593
278.532
277.423
274.077
269.476
267.724
267.405
267.047
266.838
266.383
265.549
264.882
264.261
263.35
260.756
254.94
249.488
246.128
244.585
244.202
244.009
243.576
243.138
242.841
242.372
241.268
239.53
237.982
237.866
237.866
237.857
237.646
236.996
235.814
234.595
233.317
232.86
232.839
232.442
231.008
229.247
227.055
225.289
224.09
223.736
223.222
222.708
222.158
221.25
220.895
220.671
220.479
217.03
203.956
183.341
178.773
178.626
178.025
177.096
176.231
174.915
173.225
172.296
171.686
171.335
171.242
170.703
169.446
168.088
167.33
166.333
165.091
164.545
164.14
163.622
162.693
161.636
161.101
160.34
159.219
158.691
158.048
157.062
156.687
156.355
155.843
155.356
154.789
153.633
152.18
151.188
150.897
150.409
149.709
148.98
148.199
147.836
147.402
146.719
146.228
145.168
143.786
143.023
142.48
141.56
140.645
140.197
139.781
138.979
137.796
137.219
136.962
136.365
135.65
135.247
135.206
135.198
135.169
135.118
135.039
134.803
134.462
134.379
134.092
133.592
133.051
132.868
132.733
132.633
132.485
132.335
132.019
131.677
131.32
130.54
129.425
128.799
128.719
128.559
128.294
128.079
127.298
125.67
124.385
123.81
123.373
122.726
122.286
122.175
121.808
121.121
120.61
120.21
119.917
119.34
118.671
118.497
118.409
118.15
117.82
117.608
117.37
116.258
114.303
113.661
113.658
113.622
113.427
113.099
112.774
112.334
111.573
111.186
110.285
108.928
108.294
108.277
108.154
107.854
107.551
107.465
107.435
107.082
106.074
104.865
104.266
104.256
104.057
103.258
102.26
101.651
101.651
101.646
101.568
101.194
100.753
100.562
100.562
100.562
100.557
100.493
100.151
99.5548
99.2643
99.0673
98.7957
98.4237
97.8839
97.1133
96.7903
96.7903
96.7864
96.7155
96.4569
95.9906
95.797
95.6886
95.3592
95.0359
94.8112
94.7149
94.6937
94.693
94.6825
94.6314
94.5607
94.5247
94.372
93.8139
92.6836
91.7662
91.5826
91.575
91.4159
90.8473
89.9353
89.6875
89.6813
89.5694
89.0409
88.3274
88.1332
88.1332
88.1332
88.1332
88.1321
88.1175
88.0421
87.8727
87.6388
87.4047
87.2304
87.2297
87.2155
87.163
87.1005
87.0531
87.0531
87.0531
87.0531
87.0531
87.0531
87.0496
87.0041
86.8083
86.4057
86.177
86.141
86.0142
85.8192
85.7056
85.7056
85.7056
85.7056
85.7042
85.6814
85.5956
85.4736
85.348
85.2751
85.1318
85.0614
85.0614
85.0614
85.0614
85.0614
85.0562
84.9392
84.4905
83.9454
83.7764
83.7764
83.7764
83.7764
83.7764
83.7763
83.7744
83.7656
83.7519
83.7392
83.5477
82.9075
82.217
81.9258
81.9258
81.9258
81.9258
81.9258
81.9258
81.9258
81.9258
81.9258
81.9258
81.9258
81.9247
81.8996
81.8274
81.7282
81.658
81.6564
81.618
81.4983
81.3065
81.2742
81.2727
81.2667
81.2582
81.2545
81.2545
81.2545
81.2545
81.2545
81.2545
81.2545
81.253
81.2263
81.1257
80.976
80.8076
80.6611
80.3367
79.977
79.6213
79.4916
79.4916
79.4912
79.4838
79.4591
79.4321
79.4113
79.4113
79.4082
79.3513
79.093
78.6855
78.2673
78.1674
78.1674
78.1674
78.1674
78.1674
78.1664
78.1453
78.0793
77.9557
77.9046
77.9046
77.9039
77.8912
77.8433
77.7748
77.7275
77.7059
77.6075
77.3912
77.1322
76.9527
76.9527
76.9527
76.9527
76.9527
76.9527
76.9527
76.9527
76.9527
76.9527
76.9527
76.951
76.9181
76.8228
76.6462
76.5197
76.511
76.2507
75.4723
74.438
74.3502
74.3502
74.3462
74.2622
73.9821
73.5401
73.3498
73.3498
73.3498
73.3498
73.3495
73.3428
73.3025
73.2283
73.1308
73.0698
73.0698
73.0698
73.0698
73.0656
72.9883
72.6793
72.271
71.997
71.997
71.997
71.997
71.997
71.997
71.997
71.991
71.8395
71.3425
70.6508
70.482
70.482
70.4802
70.4618
70.3767
70.2402
70.1266
70.1266
70.1266
70.1266
70.1266
70.1266
70.1266
70.1266
70.1238
70.0812
69.8939
69.6046
69.4172
69.4172
69.4172
69.4172
69.4172
69.4172
69.4171
69.4143
69.4028
69.3902
69.3733
69.3346
69.2731
69.247
69.247
69.247
69.247
69.247
69.247
69.247
69.247
69.247
69.247
69.247
69.247
69.247
69.247
69.247
69.247
69.247
69.247
69.247
69.247
69.247
69.247
69.247
69.2468
69.2437
69.2304
69.2113
69.2035
69.2035
69.2035
69.2035
69.2035
69.2035
69.2035
69.2035
69.2035
69.2035
69.2035
69.2035
69.2035
69.2035
69.2035
69.2035
69.2035
69.2035
69.2035
69.2035
69.1937
69.0196
68.3032
67.3805
67.0257
67.0257
67.0257
67.0257
67.0257
67.0257
67.0257
67.0257
67.0257
67.0257
67.0257
67.0257
67.0257
67.0257
67.0257
67.0257
67.0257
67.0257
67.0257
67.0257
67.0257
67.0257
67.0257
67.0257
67.0257
67.0257
67.0257
67.0257
67.0257
67.0257
67.0257
67.0257
67.0246
67.0084
66.92
66.8085
66.6914
66.5148
66.2662
66.1344
66.1344
66.1344
66.1344
66.1341
66.1281
66.1083
66.0831
66.0658
66.0658
66.0658
66.0658
66.0658
66.0658
66.0658
66.0658
66.0658
66.0658
66.0658
66.0658
66.0658
66.0658
66.0658
66.0658
66.0658
66.0658
66.0658
66.0658
66.0658
66.0658
66.0658
66.0658
66.0658
66.0658
66.0658
66.0658
66.0658
66.0658
66.0658
66.0658
66.0658
66.0658
66.0658
66.0658
66.0658
66.0658
66.0658
66.0658
66.0658
66.0658
66.0658
65.943
65.3271
64.3733
64.1812
64.1812
64.1812
64.1812
64.1811
64.1789
64.1646
64.1052
63.9099
63.6573
63.5615
63.5615
63.5615
63.5615
63.5615
63.5615
63.5615
63.5615
63.5615
63.5615
63.5615
63.5615
63.5615
63.5615
63.5612
63.5566
63.5386
63.5123
63.5012
63.5012
63.5012
63.5012
63.5012
63.5012
63.5012
63.5012
63.5012
63.5012
63.5012
63.5012
63.5012
63.5012
63.5012
63.5012
63.5012
63.5012
63.4993
63.4494
63.2952
63.1193
63.0208
63.0208
63.0208
63.0208
63.0208
63.0208
63.0208
63.0208
63.0208
63.0208
63.0208
63.0208
63.0208
63.0207
63.0165
63.0046
62.983
62.9594
62.9315
62.9198
62.9198
62.9198
62.9198
62.9198
62.9198
62.9198
62.9198
62.9198
62.9198
62.9198
62.9198
62.9198
62.9198
62.9198
62.9198
62.9198
62.9198
62.9198
62.9198
62.9198
62.9198
62.9198
62.9198
62.9198
62.9198
62.9198
62.9198
62.9198
62.9198
62.9198
62.9198
62.9198
62.9198
62.9198
62.9198
62.9198
62.9198
62.9198
62.9198
62.9198
62.9198
62.9198
62.9198
62.9198
62.9198
62.9198
62.9198
62.9198
62.9198
62.9198
62.9198
62.9198
62.9198
62.9198
62.9198
62.9198
62.9198
62.9198
62.9198
62.9198
62.9148
62.8252
62.4715
61.8688
61.6745
61.6745
61.6745
61.6745
61.6745
61.6745
61.6745
61.6745
61.6745
61.6745
61.6745
61.6745
61.6745
61.6745
61.6745
61.6745
61.6745
61.6745
61.6745
61.6745
61.6745
61.6745
61.6745
61.6745
61.6745
61.6745
61.6745
61.6745
61.6745
61.6745
61.6745
61.6745
61.6745
61.6745
61.6745
61.6745
61.6745
61.6745
61.6745
61.6745
61.6745
61.6745
61.6745
61.6745
61.6745
61.6745
61.6745
61.6745
61.6745
61.6745
61.6745
61.6745
61.6745
61.6745
61.6745
61.6745
61.6745
61.6745
61.6745
61.6745
61.6745
61.6745
61.6745
61.6468
61.5389
61.3802
61.2892
61.2892
61.2892
61.2892
61.2892
61.2892
61.2892
61.2892
61.2892
61.2892
61.2892
61.2892
61.2892
61.2892
61.2892
61.2892
61.2892
61.2892
61.2892
61.2892
61.2882
61.2658
61.1773
61.0855
61.0226
61.0226
61.0226
61.0226
61.0226
61.0226
61.0226
61.0226
61.0226
61.0226
61.0226
61.0226
61.0226
61.0226
61.0226
61.0226
61.0226
61.0226
61.0226
61.0226
61.0226
61.0226
61.0226
61.0226
61.0226
61.0226
61.0226
61.0226
61.0226
61.0226
61.0226
61.0226
61.0226
61.0226
61.0226
61.0226
61.0226
61.0226
61.0226
61.0226
61.0226
61.0226
61.0226
61.0226
61.0226
61.0226
61.0226
61.0226
61.0226
61.0226
61.0226
61.0226
61.0226
61.0221
61.0116
60.9786
60.927
60.8447
60.6661
60.3982
60.2717
60.2717
60.2717
60.2717
60.2717
60.2717
60.2717
60.2717
60.2717
60.2717
60.2717
60.2717
60.2717
60.2374
60.1041
59.9174
59.7955
59.7955
59.7955
59.7955
59.7955
59.7955
59.7955
59.7955
59.7955
59.7955
59.7955
59.7955
59.7955
59.7955
59.7955
59.7955
59.7955
59.7955
59.7955
59.7955
59.7955
59.7955
59.7955
59.7955
59.7955
59.7955
59.7955
59.7955
59.7955
59.7955
59.7955
59.7955
59.7955
59.7955
59.7955
59.7955
59.7955
59.7955
59.7955
59.7955
59.7955
59.7955
59.7955
59.7955
59.7955
59.7955
59.7955
59.7806
59.7269
59.6502
59.6258
59.6258
59.6258
59.6258
59.6258
59.6258
59.6258
59.6258
59.6258
59.6258
59.6258
59.6258
59.6258
59.6258
59.6258
59.6258
59.6258
59.6258
59.6258
59.6258
59.6258
59.6258
59.6258
59.6258
59.6258
59.6258
59.6258
59.6258
59.6258
59.6258
59.6258
59.6258
59.6258
59.6258
59.6258
59.6258
59.6258
59.6258
59.6258
59.6258
59.6258
59.6258
59.6258
59.6258
59.6258
59.6258
59.6258
59.6192
59.5879
59.5515
59.528
59.528
59.528
59.528
59.528
59.528
59.528
59.528
59.528
59.528
59.528
59.528
59.528
59.528
59.528
59.528
59.528
59.528
59.528
59.528
59.528
59.528
59.528
59.528
59.528
59.528
59.528
59.528
59.528
59.528
59.528
59.528
59.528
59.528
59.5267
59.4997
59.3974
59.2547
59.1914
59.1914
59.1914
59.1914
59.1914
59.1896
59.1643
59.0433
58.8518
58.7398
58.7398
58.7398
58.7398
58.7398
58.7398
58.7398
58.7398
58.7398
58.7398
58.7398
58.7398
58.7398
58.7398
58.7398
58.7398
58.7396
58.7389
58.7379
58.7371
58.7371
58.7371
58.7371
58.7371
58.7371
58.7371
58.7371
58.7371
58.7371
58.7371
58.7371
58.7371
58.7371
58.7371
58.7371
58.7371
58.7371
58.7371
58.7371
58.7371
58.7371
58.7371
58.7371
58.7371
58.7371
58.7371
58.7371
58.7371
58.7371
58.7371
58.7371
58.7371
58.7371
58.7371
58.7371
58.7371
58.7371
58.7371
58.7371
58.7371
58.7371
58.7371
58.7371
58.7371
58.7371
58.7371
58.7371
58.7371
58.7371
58.7371
58.7371
58.7371
58.7371
58.7371
58.7371
58.7371
58.7371
58.7371
58.7371
58.7371
58.7371
58.7371
58.7371
58.7371
58.7371
58.7371
58.7371
58.7371
58.7371
58.7371
58.7371
58.7371
58.7371
58.7371
58.7371
58.7371
58.7371
58.7371
58.7371
58.7371
58.7344
58.7245
58.7153
58.7112
58.7112
58.7112
58.7112
58.7112
58.7112
58.7112
58.7112
58.7112
58.7112
58.7112
58.7112
58.7112
58.7112
58.7112
58.7112
58.7112
58.7112
58.7112
58.7112
58.7112
58.7112
58.7112
58.7112
58.7112
58.7112
58.7112
58.7112
58.7112
58.7112
58.7112
58.7112
58.7112
58.7112
58.7112
58.7112
58.7112
58.7112
58.7112
58.7112
58.7112
58.7112
58.7112
58.7112
58.7112
58.7112
58.7112
58.7046
58.6679
58.6189
58.5923
58.5923
58.5923
58.5923
58.5923
58.5923
58.5923
58.5923
58.5923
58.5923
58.5923
58.5923
58.5923
58.5923
58.5923
58.5923
58.5923
58.5923
58.5923
58.5923
58.5923
58.5923
58.5923
58.5923
58.5923
58.5923
58.5923
58.5923
58.5923
58.5923
58.5923
58.5923
58.5923
58.5923
58.5923
58.5923
58.5923
58.5923
58.5923
58.5923
58.5923
58.5923
58.5923
58.5923
58.5923
58.5923
58.5923
58.5923
58.5923
58.5923
58.5923
58.5923
58.5923
58.5923
58.5923
58.5923
58.5923
58.5923
58.5923
58.5923
58.5923
58.5923
58.5923
58.5923
58.5923
58.5923
58.5923
58.5923
58.5923
58.5923
58.5923
58.5923
58.5923
58.5923
58.5923
58.5923
58.5923
58.5923
58.5923
58.5923
58.5923
58.5923
58.5923
58.5923
58.5923
58.5923
58.5923
58.5923
58.5923
58.5923
58.5923
58.5923
58.5923
58.5923
58.5923
58.5923
58.5922
58.4798
58.1052
57.5635
57.2547
57.2547
57.2547
57.2547
57.2547
57.2547
57.2547
57.2547
57.2547
57.2547
57.2547
57.2547
57.2547
57.2547
57.2547
57.2547
57.2547
57.2547
57.2547
57.2547
57.2547
57.2547
57.2547
57.2534
57.223
57.1183
56.9694
56.9102
56.9102
56.9102
56.9102
56.9102
56.9102
56.9102
56.9102
56.9102
56.9102
56.9102
56.9102
56.9102
56.9102
56.9102
56.9102
56.9102
56.9102
56.9102
56.9102
56.9102
56.9102
56.9102
56.9102
56.9102
56.9102
56.9102
56.9102
56.9102
56.9102
56.9102
56.9102
56.9102
56.9102
56.9102
56.9102
56.9102
56.9102
56.9102
56.9102
56.9102
56.9102
56.9102
56.9102
56.9102
56.9102
56.9102
56.9102
56.9102
56.9102
56.9102
56.9102
56.9102
56.9102
56.9102
56.9102
56.9102
56.9102
56.9102
56.9102
56.9102
56.9102
56.9102
56.9102
56.9102
56.9102
56.9102
56.9102
56.9102
56.9102
56.9102
56.9102
56.9102
56.9102
56.9102
56.9102
56.9102
56.9102
56.9102
56.9102
56.9102
56.9102
56.9102
56.9102
56.9102
56.9102
56.9102
56.9102
56.9102
56.9102
56.9102
56.9102
56.9102
56.9102
56.9102
56.9102
56.9102
56.9102
56.9102
56.9102
56.9102
56.9102
56.9102
56.9102
56.9102
56.9102
56.9102
56.9102
56.9102
56.9102
56.9102
56.9102
56.9102
56.9102
56.9102
56.9102
56.9102
56.9102
56.9102
56.9102
56.9061
56.8853
56.8497
56.8315
56.8315
56.8315
56.8315
56.8315
56.8315
56.8315
56.8315
56.8315
56.8315
56.8315
56.8315
56.8301
56.8025
56.7019
56.5475
56.4869
56.4869
56.4869
56.4869
56.4869
56.4869
56.4869
56.4869
56.4869
56.4869
56.4869
56.4869
56.4869
56.4866
56.4805
56.4569
56.4269
56.4199
56.4199
56.4199
56.4199
56.4199
56.4199
56.4199
56.4199
56.4199
56.4199
56.4199
56.4199
56.4199
56.4199
56.4199
56.4199
56.4199
56.4199
56.4199
56.4199
56.4199
56.4199
56.4199
56.4199
56.4199
56.4199
56.4199
56.4199
56.4199
56.4199
56.4199
56.4199
56.4199
56.4199
56.4199
56.4199
56.4199
56.4199
56.4199
56.4199
56.4199
56.4199
56.4199
56.4199
56.4199
56.4199
56.4199
56.4199
56.4199
56.4199
56.4199
56.4199
56.4199
56.4199
56.4199
56.4199
56.4199
56.4199
56.4199
56.4199
56.4199
56.4199
56.4199
56.4199
56.4199
56.4199
56.4199
56.4199
56.4199
56.4199
56.4199
56.4199
56.4199
56.4199
56.4199
56.4199
56.4199
56.4199
56.4199
56.4199
56.4199
56.4199
56.4199
56.4199
56.4199
56.4199
56.4199
56.4199
56.4199
56.4199
56.4199
56.4199
56.4199
56.4199
56.4199
56.4199
56.4199
56.4199
56.4199
56.4199
56.4199
56.4199
56.4199
56.4199
56.4199
56.4199
56.4199
56.4199
56.4199
56.4199
56.4199
56.4199
56.4199
56.4199
56.4199
56.4199
56.4199
56.4199
56.4199
56.4199
56.4199
56.4199
56.4199
56.4199
56.4199
56.4199
56.4199
56.4199
56.4199
56.4199
56.4199
56.4199
56.4199
56.4199
56.4199
56.4199
56.4199
56.4199
56.4199
56.4199
56.4199
56.4199
56.4199
56.4199
56.4199
56.4199
56.4199
56.4199
56.4199
56.4199
56.4199
56.4199
56.4199
56.4199
56.4199
56.4199
56.4199
56.4199
56.4199
56.4199
56.4199
56.4199
56.4199
56.4199
56.3965
56.3212
56.2087
56.1754
56.1754
56.1754
56.1754
56.1754
56.175
56.1673
56.1354
56.092
56.069
56.069
56.069
56.069
56.069
56.069
56.069
56.069
56.069
56.069
56.069
56.069
56.069
56.069
56.069
56.069
56.069
56.069
56.0689
56.0684
56.0666
56.0636
56.0617
56.0597
56.0322
55.9063
55.7058
55.5701
55.5701
55.5701
55.5701
55.5701
55.5701
55.5701
55.5701
55.5701
55.5701
55.5701
55.5701
55.5701
55.5701
55.5701
55.5701
55.5701
55.5701
55.5701
55.5701
55.5701
55.5701
55.5701
55.5701
55.5701
55.5701
55.5701
55.5701
55.5701
55.5701
55.5701
55.5701
55.5701
55.5701
55.5701
55.5701
55.5701
55.5701
55.5701
55.5701
55.5701
55.5701
55.5701
55.5701
55.5701
55.5701
55.5701
55.5701
55.5701
55.5701
55.5701
55.5701
55.5701
55.5701
55.5701
55.5701
55.5701
55.5701
55.5701
55.5701
