2665.31
2472.24
2360.15
2323.66
2289.95
2258.69
2228.82
2188.24
2149.36
2098.26
2051.16
2012.58
1982.91
1967.55
1942.23
1918.41
1903.75
1882.11
1844.74
1820.85
1797
1770.61
1733.76
1695.74
1653.78
1623.56
1588.28
1571.99
1544.82
1511.56
1493.64
1478.31
1454.57
1427.89
1405.95
1372.83
1344.17
1333.82
1320.38
1298.85
1279.29
1262.94
1248.63
1229.81
1219.19
1205.97
1188.55
1171.92
1151.53
1141.86
1130.14
1114.85
1090.42
1078.8
1065.58
1054.27
1046.59
1033.53
1015.56
1003.09
995.971
988.077
978.263
968.126
951.646
929.408
915.863
901.277
891.268
887.603
881.713
879.85
876.086
868.154
852.552
839.243
835.73
827.04
813.993
803.084
792.737
787.779
779.301
771.304
762.426
757.373
752.441
747.242
742.598
735.983
729.311
726.408
724.193
719.835
713.032
700.829
685.321
669.961
657.319
643.502
639.644
633.741
626.614
619.7
611.15
608.655
604.386
597.206
589.778
582.886
570.133
556.235
553.367
551.239
547.131
541.652
537.456
534.686
529.463
521.597
515.143
509.348
506.567
503.686
497.958
492.909
488.999
487.339
486.044
484.074
480.329
472.528
462.831
458.652
457.136
454.521
448.156
441.539
437.928
436.646
435.76
435.277
434.417
432.332
429.329
428.083
425.327
421.793
419.783
418.003
415.431
411.949
409.418
407.16
403.726
401.417
399.506
395.816
392.55
389.298
388.289
388.083
387.399
385.506
379.3
370.927
365.798
365.735
365.492
364.614
363.073
361.337
359.608
357.913
357.271
356.925
355.436
350.403
343.796
340.537
340.373
339.933
338.833
337.529
336.852
335.73
333.642
330.507
327.433
326.624
326.609
326.311
325.043
323.092
320.474
317.918
316.755
316.429
315.676
314.675
313.285
311.705
308.663
304.51
302.213
301.488
300.03
298.403
297.078
296.306
295.605
294.115
292.227
291.801
291.087
288.672
284.858
282.085
281.925
281.292
280.3
278.79
276.326
273.143
271.956
270.337
265.198
258.618
254.882
254.765
254.369
253.702
252.42
250.871
250.199
249.465
248.874
247.99
246.785
245.315
244.685
244.374
243.031
241.374
240.049
239.634
238.931
237.763
235.895
233.57
233.253
233.203
232.918
232.031
230.344
229.36
229.051
227.092
223.293
221.319
220.641
220.26
219.156
217.794
216
214.795
213.814
212.725
211.527
210.09
208.91
207.7
206.294
205.205
204.737
203.851
202.767
202.13
201.252
200.555
199.728
199.306
198.84
198.338
197.857
197.409
196.9
196.165
194.611
192.906
192.2
191.222
189.834
189.088
188.998
188.729
188.287
187.805
187.514
186.939
186.323
186.077
185.915
185.26
184.422
184.232
184.232
184.227
184.124
183.733
183.227
182.896
182.89
182.783
182.396
181.937
181.576
181.254
180.888
180.122
179.153
178.476
178.476
178.474
178.418
178.199
177.568
176.588
175.524
175.048
175.046
175.011
174.783
174.346
173.828
173.238
171.826
169.95
168.828
168.756
168.407
167.994
167.797
167.779
167.556
166.896
166.061
165.279
164.695
164.391
164.17
163.44
161.934
160.286
159.513
159.414
159.142
158.868
158.609
158.183
157.562
156.529
155.622
155.17
154.469
152.755
150.852
149.105
148.911
148.779
148.132
147.306
146.36
145.714
145.372
145.323
145.019
144.312
143.652
143.272
143.272
143.26
143.102
142.537
141.766
141.352
141.112
140.604
139.966
139.67
139.67
139.67
139.67
139.67
139.67
139.666
139.567
139.28
138.8
138.448
137.939
137.559
137.043
136.412
136.184
136.175
136.146
136.098
136.048
135.643
134.065
132.126
130.952
130.907
130.701
130.345
130.137
129.915
129.579
129.308
129.308
129.308
129.308
129.308
129.305
129.236
128.989
128.594
128.241
127.929
127.329
126.477
125.324
123.753
122.692
122.116
122.05
121.701
120.865
120
119.81
119.695
119.195
118.565
118.182
118.061
117.869
117.646
117.45
117.238
116.953
116.71
116.271
115.535
114.889
114.363
113.525
113.329
113.32
113.305
113.299
113.299
113.299
113.294
113.167
112.746
112.137
111.687
110.959
109.968
109.484
109.376
109.185
109.092
109.092
109.091
109.065
108.897
108.506
108.057
107.823
107.734
107.465
107.128
106.917
106.917
106.917
106.915
106.86
106.718
106.494
106.359
106.329
106.292
106.271
106.23
106.053
105.748
105.409
105.134
105.017
104.957
104.855
104.723
104.567
104.521
104.52
104.514
104.507
104.504
104.504
104.504
104.504
104.497
104.394
104.077
103.812
103.65
103.65
103.65
103.65
103.65
103.65
103.65
103.65
103.646
103.569
103.288
102.883
102.684
102.645
102.504
102.255
102.163
102.142
102.142
102.134
101.972
101.34
100.354
100.007
100.007
100.007
100.007
100.007
100.001
99.9215
99.6059
98.9804
98.6389
98.5941
98.5941
98.5912
98.5394
98.3326
98.0654
97.8757
97.8757
97.8757
97.8757
97.8651
97.6746
96.9125
95.8659
95.2295
95.2295
95.2295
95.2295
95.2291
95.2219
95.1941
95.155
95.1176
94.9964
94.5449
93.7863
93.4411
93.4411
93.4411
93.4411
93.4411
93.4411
93.4411
93.4411
93.4411
93.4411
93.4407
93.43
93.4019
93.3564
93.3347
93.3347
93.3347
93.3347
93.3347
93.3347
93.3347
93.3347
93.3347
93.3347
93.3347
93.3347
93.3347
93.3347
93.3347
93.3323
93.2846
93.095
92.8627
92.7421
92.7421
92.7421
92.7367
92.6164
92.1703
91.6192
91.3754
91.3754
91.3741
91.3497
91.2452
91.115
91.0364
91.0364
91.0358
91.0243
90.9806
90.9183
90.8997
90.8997
90.8997
90.8997
90.8997
90.8997
90.8997
90.8997
90.8967
90.8578
90.648
90.3153
90.1476
90.1021
89.9057
89.5837
89.4389
89.4389
89.4389
89.4389
89.4389
89.4389
89.4389
89.4389
89.4389
89.4389
89.4389
89.4389
89.4389
89.4389
89.4389
89.4389
89.4389
89.4389
89.4389
89.4389
89.4389
89.4389
89.4389
89.4389
89.4389
89.4389
89.4389
89.4389
89.4356
89.3794
89.0889
88.7525
88.5395
88.2937
87.9708
87.8731
87.8731
87.8731
87.8731
87.8731
87.8731
87.8731
87.8731
87.8731
87.8731
87.8727
87.8647
87.8285
87.7591
87.7135
87.6949
87.6949
87.6908
87.6063
87.3326
86.914
86.6885
86.6885
86.6885
86.6877
86.6648
86.5962
86.5161
86.4685
86.4648
86.4552
86.4354
86.4299
86.4299
86.4285
86.4116
86.3201
86.1721
86.0776
86.0758
86.0679
86.0558
86.0491
86.0491
86.0491
86.046
85.9617
85.718
85.3994
85.2683
85.2683
85.2683
85.2683
85.2683
85.2683
85.2683
85.2683
85.2683
85.2683
85.2683
85.2683
85.2683
85.2673
85.2503
85.1456
84.9085
84.6407
84.471
84.471
84.471
84.471
84.471
84.4709
84.4681
84.4589
84.4472
84.4424
84.4424
84.4424
84.4424
84.4424
84.4424
84.4424
84.4424
84.4424
84.4424
84.4415
84.4271
84.3728
84.2811
84.2301
84.2301
84.2301
84.2301
84.2301
84.2301
84.2301
84.2301
84.2301
84.2301
84.2301
84.2301
84.2301
84.2301
84.2301
84.2301
84.2252
84.1408
83.7835
83.2416
82.9696
82.8911
82.7907
82.741
82.741
82.741
82.741
82.741
82.7399
82.7356
82.7287
82.727
82.727
82.727
82.727
82.727
82.727
82.7266
82.7208
82.6952
82.6574
82.6298
82.6298
82.6298
82.6298
82.6298
82.6298
82.6298
82.6298
82.6298
82.6298
82.6298
82.6298
82.6291
82.6127
82.5583
82.4853
82.4355
82.4355
82.4355
82.4355
82.4355
82.4355
82.4347
82.4223
82.3639
82.2837
82.2408
82.2408
82.2408
82.2396
82.2265
82.161
82.0427
81.9429
81.9203
81.8169
81.7034
81.6861
81.6861
81.6861
81.6861
81.6861
81.6861
81.6861
81.6861
81.6861
81.6861
81.6819
81.6055
81.283
80.7605
80.6253
80.6253
80.6253
80.6253
80.6253
80.6253
80.6253
80.6253
80.6253
80.6253
80.6253
80.6253
80.6253
80.6253
80.6253
80.6253
80.6253
80.6253
80.6253
80.6253
80.6253
80.6253
80.6253
80.6253
80.6253
80.6253
80.6253
80.6253
80.6253
80.6253
80.6253
80.6253
80.6253
80.6253
80.6243
80.6098
80.5415
80.4359
80.3666
80.3663
80.3611
80.3401
80.3176
80.3074
80.3074
80.3074
80.3074
80.3074
80.3074
80.3074
80.3074
80.3061
80.2784
80.1887
80.0804
79.9775
79.9775
79.9775
79.9775
79.9775
79.9775
79.9775
79.9775
79.9775
79.9775
79.9775
79.9775
79.9775
79.9775
79.9775
79.9775
79.9775
79.9764
79.9573
79.8809
79.7709
79.6956
79.6741
79.5701
79.4668
79.3533
79.2142
79.0407
78.9686
78.9686
78.9686
78.9686
78.9686
78.9686
78.9686
78.9686
78.9686
78.9686
78.9686
78.9686
78.9686
78.9686
78.9686
78.9686
78.9681
78.96
78.9204
78.8712
78.8348
78.8348
78.8348
78.8348
78.8348
78.8348
78.8348
78.8348
78.8348
78.8348
78.8348
78.8337
78.8092
78.7324
78.6204
78.5682
78.5682
78.5682
78.5682
78.5682
78.5682
78.5682
78.5681
78.5668
78.5604
78.5502
78.5454
78.5454
78.5454
78.5454
78.5454
78.5454
78.5454
78.5454
78.5454
78.5454
78.5454
78.5454
78.5454
78.5454
78.5454
78.5454
78.5454
78.5454
78.5454
78.5454
78.5454
78.5442
78.5164
78.4272
78.3078
78.2439
78.2439
78.2439
78.2439
78.2439
78.2439
78.2439
78.2439
78.2439
78.2439
78.2439
78.2439
78.2439
78.2439
78.2439
78.2439
78.2439
78.2439
78.2439
78.2439
78.2439
78.2439
78.2439
78.2439
78.2439
78.2439
78.2439
78.2439
78.2439
78.2439
78.2439
78.2439
78.2439
78.2439
78.2439
78.2439
78.2439
78.2439
78.2439
78.2439
78.2439
78.2439
78.2439
78.2439
78.2439
78.2439
78.2439
78.2439
78.2439
78.2439
78.2439
78.2439
78.2439
78.2439
78.2439
78.2439
78.2439
78.2439
78.2439
78.2417
78.2041
78.0118
77.7531
77.6912
77.6912
77.6912
77.6912
77.6912
77.6912
77.6912
77.6912
77.6912
77.6912
77.6912
77.6912
77.6912
77.6912
77.6912
77.6912
77.6912
77.6912
77.6912
77.6912
77.6912
77.6912
77.6912
77.6912
77.6912
77.6912
77.6912
77.6912
77.6912
77.6893
77.648
77.4922
77.2876
77.2219
77.2219
77.2219
77.2219
77.2219
77.2219
77.2219
77.2219
77.2219
77.2219
77.2219
77.2219
77.2219
77.2219
77.2219
77.2219
77.2219
77.2219
77.2219
77.2219
77.2219
77.2219
77.2219
77.2219
77.2219
77.2205
77.1894
77.0906
76.9494
76.869
76.869
76.869
76.869
76.869
76.869
76.869
76.869
76.869
76.869
76.869
76.869
76.869
76.869
76.869
76.869
76.869
76.869
76.869
76.869
76.869
76.869
76.869
76.869
76.869
76.8689
76.8675
76.862
76.8551
76.854
76.854
76.854
76.854
76.854
76.854
76.854
76.854
76.854
76.854
76.854
76.854
76.854
76.854
76.854
76.854
76.8533
76.8421
76.8088
76.7246
76.6554
76.6554
76.6554
76.6554
76.6554
76.6554
76.6554
76.6554
76.6554
76.6554
76.6554
76.6554
76.6554
76.6554
76.6554
76.6554
76.6554
76.6554
76.6554
76.6554
76.6552
76.6516
76.6353
76.6166
76.6002
76.5739
76.4539
76.2651
76.1565
76.1163
76.0955
76.0955
76.0955
76.0955
76.0955
76.0955
76.0955
76.0955
76.0955
76.0955
76.0955
76.0955
76.0955
76.0955
76.0955
76.0955
76.0955
76.0955
76.0955
76.0955
76.0955
76.0955
76.0955
76.0955
76.0955
76.0955
76.0955
76.0955
76.0955
76.0955
76.0955
76.0955
76.0955
76.0955
76.0955
76.0955
76.0955
76.0955
76.0955
76.0955
76.0955
76.0955
76.0955
76.095
76.0839
76.0411
75.9856
75.9634
75.9634
75.9634
75.9634
75.9634
75.9634
75.9634
75.9634
75.9634
75.9634
75.9634
75.9634
75.9634
75.9634
75.9634
75.9634
75.9634
75.9634
75.9634
75.9634
75.9634
75.9634
75.9634
75.9634
75.9634
75.9634
75.9634
75.9634
75.9634
75.9634
75.9634
75.9634
75.9634
75.9634
75.9634
75.9634
75.9634
75.9612
75.9128
75.7348
75.5325
75.4138
75.4138
75.4138
75.4138
75.4138
75.4138
75.4138
75.4138
75.4138
75.4138
75.4138
75.4138
75.4138
75.4138
75.4138
75.4138
75.4138
75.4138
75.4138
75.4138
75.4138
75.4138
75.4138
75.4138
75.4138
75.4138
75.4138
75.4138
75.4138
75.4138
75.4138
75.4138
75.4138
75.4135
75.4071
75.3863
75.3571
75.3407
75.3407
75.3407
75.3407
75.3407
75.3407
75.3407
75.3407
75.3407
75.3407
75.3407
75.3378
75.2825
75.0642
74.7645
74.6132
74.6132
74.6132
74.6132
74.6132
74.6126
74.5999
74.5561
74.4912
74.463
74.463
74.463
74.463
74.463
74.463
74.463
74.463
74.463
74.463
74.463
74.463
74.463
74.463
74.463
74.463
74.463
74.463
74.463
74.463
74.463
74.463
74.463
74.463
74.463
74.463
74.463
74.463
74.463
74.463
74.463
74.463
74.463
74.463
74.463
74.463
74.463
74.463
74.463
74.463
74.463
74.463
74.463
74.463
74.463
74.463
74.463
74.463
74.463
74.463
74.463
74.463
74.463
74.463
74.463
74.463
74.463
74.463
74.463
74.463
74.463
74.463
74.463
74.463
74.463
74.463
74.463
74.463
74.463
74.463
74.463
74.463
74.463
74.463
74.463
74.462
74.4432
74.3726
74.2718
74.2275
74.2275
74.2275
74.2275
74.2275
74.2275
74.2275
74.2275
74.2275
74.2275
74.2275
74.2275
74.2275
74.2275
74.2275
74.2275
74.2275
74.2275
74.2275
74.2275
74.2275
74.2275
74.2275
74.2275
74.2275
74.2275
74.2275
74.2275
74.2275
74.2275
74.2275
74.2275
74.2275
74.2275
74.2275
74.2275
74.2275
74.2275
74.2275
74.2275
74.2275
74.2275
74.2275
74.2275
74.2275
74.2275
74.2275
74.2275
74.2275
74.2275
74.2275
74.2275
74.2275
74.2275
74.2275
74.2275
74.2275
74.2275
74.2275
74.2275
74.2275
74.2275
74.2275
74.2221
74.0977
73.7092
73.1973
72.8752
72.8752
72.8752
72.8752
72.8752
72.8752
72.8752
72.8752
72.8752
72.8752
72.8752
72.8752
72.8752
72.8752
72.8752
72.8752
72.8752
72.8752
72.8752
72.8752
72.8752
72.8752
72.8752
72.8752
72.8752
72.8752
72.8752
72.8752
72.8752
72.8752
72.8752
72.8752
72.8752
72.8752
72.8752
72.8752
72.8752
72.8752
72.8752
72.8752
72.8752
72.8752
72.8752
72.8752
72.8752
72.8752
72.8752
72.8752
72.8752
72.8752
72.8752
72.8752
72.8752
72.8752
72.8752
72.8752
72.8752
72.8752
72.8752
72.8752
72.8752
72.8752
72.8752
72.8752
72.8752
72.8752
72.8752
72.8752
72.8752
72.8752
72.8752
72.8752
72.8752
72.8752
72.8752
72.8752
72.8752
72.8752
72.8752
72.8752
72.8752
72.8752
72.8752
72.8752
72.8752
72.8752
72.8752
72.8752
72.8752
72.8752
72.8752
72.8752
72.8752
72.8752
72.8752
72.8752
72.8752
72.8752
72.8752
72.8752
72.8752
72.8752
72.8752
72.8752
72.8752
72.8752
72.8752
72.8752
72.8752
72.8752
72.8752
72.8752
72.8752
72.8752
72.8752
72.8752
72.8752
72.8752
72.8752
72.8752
72.8752
72.8752
72.8752
72.8752
72.8752
72.8752
72.8752
72.8752
72.8752
72.8752
72.8752
72.8752
72.8752
72.8752
72.8752
72.8752
72.8752
72.8752
72.8752
72.8752
72.8751
72.8742
72.8706
72.8657
72.865
72.865
72.865
72.865
72.865
72.865
72.865
72.865
72.865
72.865
72.865
72.865
72.865
72.865
72.865
72.865
72.865
72.865
72.865
72.865
72.865
72.865
72.865
72.865
72.865
72.865
72.865
72.865
72.865
72.865
72.865
72.865
72.865
72.865
72.865
72.865
72.865
72.865
72.865
72.865
72.865
72.865
72.865
72.865
72.865
72.865
72.865
72.865
72.865
72.865
72.865
72.865
72.865
72.865
72.865
72.865
72.865
72.865
72.865
72.865
72.865
72.865
72.865
72.865
72.865
72.865
72.865
72.865
72.865
72.865
72.865
72.865
72.865
72.865
72.865
72.865
72.865
72.865
72.865
72.865
72.865
72.865
72.865
72.865
72.865
72.865
72.865
72.865
72.865
72.865
72.865
72.865
72.865
72.865
72.865
72.865
72.865
72.865
72.865
72.865
72.865
72.865
72.865
72.865
72.865
72.865
72.865
72.865
72.865
72.865
72.865
72.865
72.865
72.865
72.865
72.865
72.865
72.865
72.865
72.865
72.865
72.865
72.865
72.865
72.865
72.865
72.865
72.865
72.865
72.865
72.865
72.865
72.865
72.865
72.865
72.865
72.865
72.865
72.865
72.865
72.865
72.865
72.865
72.865
72.865
72.865
72.865
72.865
72.865
72.865
72.865
72.865
72.865
72.865
72.865
72.865
72.865
72.865
72.865
72.865
72.865
72.865
72.865
72.865
72.865
72.865
72.865
72.865
72.865
72.865
72.865
72.865
72.865
72.865
72.865
72.865
72.865
72.865
72.865
72.865
72.865
72.865
72.865
72.865
72.865
72.865
72.865
72.865
72.865
72.865
72.865
72.865
72.865
72.865
72.865
72.865
72.865
72.865
72.865
72.865
72.865
72.865
72.865
72.865
72.865
72.865
72.865
72.865
72.865
72.865
72.865
72.865
72.865
72.865
72.865
72.865
72.865
72.865
72.865
72.865
72.865
72.865
72.865
72.865
72.865
72.865
72.865
72.865
72.865
72.865
72.865
72.865
72.865
72.865
72.865
72.865
72.865
72.865
72.865
72.865
72.865
72.865
72.865
72.865
72.865
72.865
72.865
72.865
72.865
72.865
72.865
72.865
72.865
72.865
72.865
72.865
72.865
72.865
72.865
72.865
72.865
72.865
72.865
72.865
72.865
72.865
72.865
72.865
72.865
72.865
72.865
72.865
72.865
72.865
72.865
72.865
72.865
72.865
72.865
72.865
72.865
72.865
72.865
72.865
72.865
72.865
72.865
72.865
72.865
72.865
72.865
72.865
72.865
72.865
72.865
72.865
72.865
72.865
72.865
72.865
72.865
72.865
72.865
72.865
72.865
72.865
72.865
72.865
72.865
72.865
72.865
72.865
72.865
72.865
72.865
72.865
72.865
72.865
72.865
72.865
72.865
72.865
72.865
72.865
72.865
72.865
72.865
72.865
72.865
72.865
72.865
72.865
72.865
72.865
72.865
72.865
72.865
72.865
72.865
72.865
72.865
72.8643
