0.99 -0.0687931 0.0251137
0.9801 -0.155846 0.01943
0.970299 0.53525 0.039327
0.960596 -0.312826 0.0191236
0.95099 1.08726 0.112175
0.94148 0.813053 0.0448598
0.932065 -0.180516 0.0635555
0.922745 -0.226668 0.0533251
0.913517 0.372156 0.0752927
0.904382 0.0569658 0.121973
0.895338 0.453412 0.168548
0.886385 -0.22585 0.0381652
0.877521 -0.130407 0.0219587
0.868746 1.08149 0.243188
0.860058 -0.227548 0.0418587
0.851458 -0.0520285 0.0593519
0.842943 -0.443646 0.00634319
0.834514 -0.114492 0.112354
0.826169 0.0679212 0.0297225
0.817907 1.30196 0.0373753
0.809728 -0.301478 0.0394055
0.801631 -0.304376 0.018425
0.793614 -0.208297 0.0438268
0.785678 -0.398258 0.0213915
0.777821 -0.260914 0.0309504
0.770043 0.138836 0.120424
0.762343 -0.16356 0.0936967
0.754719 -0.152301 0.0208039
0.747172 -0.380884 0.0131325
0.7397 0.240226 0.155671
0.732303 0.0450032 0.0738883
0.72498 -0.323157 0.0230976
0.717731 1.32919 0.0516048
0.710553 -0.293527 0.027083
0.703448 -0.097667 0.0981837
0.696413 0.164153 0.145699
0.689449 1.8661 0.213836
0.682555 -0.264268 0.0227188
0.675729 -0.212561 0.0290385
0.668972 0.654564 0.0430018
0.662282 0.88217 0.0405032
0.655659 0.51556 0.264857
0.649103 -0.0201528 0.0246407
0.642612 0.320004 0.0281767
0.636185 -0.133905 0.0207851
0.629824 -0.239458 0.0330274
0.623525 -0.18393 0.0574702
0.61729 0.669167 0.0753983
0.611117 -0.349907 0.0166587
0.605006 -0.261784 0.0203258
0.598956 -0.322235 0.015722
0.592966 -0.335756 0.0156087
0.587037 -0.194447 0.0462703
0.581166 -0.270621 0.0459192
0.575355 -0.121068 0.0220989
0.569601 -0.204022 0.0172092
0.563905 -0.285137 0.0408182
0.558266 -0.303543 0.0255856
0.552683 -0.267497 0.0183794
0.547157 -0.273742 0.0213601
0.541685 0.53111 0.120748
0.536268 -0.187946 0.0516101
0.530906 -0.224574 0.0525487
0.525596 0.114545 0.0268052
0.520341 0.54144 0.323613
0.515137 0.515568 0.0309633
0.509986 0.652835 0.0349504
0.504886 -0.0813359 0.0740295
0.499837 -0.214886 0.0713122
0.494839 -0.0704663 0.0239044
0.48989 -0.243592 0.0249376
0.484991 0.0699545 0.0269763
0.480141 -0.289725 0.0299901
0.47534 -0.27442 0.0490162
0.470587 -0.086932 0.0244569
0.465881 1.76762 0.47245
0.461222 -0.277781 0.0464538
0.45661 0.429102 0.0355368
0.452044 -0.133282 0.0205201
0.447523 -0.255016 0.0408191
0.443048 -0.313969 0.0210959
0.438618 0.403568 0.0339567
0.434231 -0.155463 0.0471688
0.429889 -0.341588 0.0254679
0.42559 0.15698 0.160408
0.421334 -0.312459 0.0432571
0.417121 -0.295272 0.0258394
0.41295 0.126708 0.0319292
0.40882 -0.245641 0.0417698
0.404732 -0.0385299 0.0303037
0.400685 -0.26545 0.0251931
0.396678 -0.249024 0.0213673
0.392711 -0.268934 0.030759
0.388784 -0.249455 0.0257359
0.384896 0.214921 0.158475
0.381047 -0.174133 0.0255323
0.377237 -0.236306 0.0172622
0.373464 -0.346577 0.014023
0.36973 -0.206135 0.052022
0.366032 0.827888 0.217995
0.362372 0.458365 0.177767
0.358748 0.0432486 0.0170399
0.355161 -0.394053 0.0230939
0.351609 -0.105045 0.0230728
0.348093 -0.15692 0.0720721
0.344612 -0.422353 0.0129512
0.341166 -0.182405 0.0196042
0.337754 0.114571 0.027281
0.334377 0.158524 0.0451926
0.331033 -0.224063 0.0186429
0.327723 -0.20126 0.0479995
0.324446 -0.0888739 0.0255172
0.321201 -0.393196 0.011334
0.317989 -0.298537 0.0270627
0.314809 0.803495 0.289084
0.311661 -0.341927 0.0483648
0.308544 0.0663643 0.0822342
0.305459 -0.348765 0.0227018
0.302404 -0.0126678 0.0696477
0.29938 0.270688 0.0298764
0.296387 0.326329 0.22307
0.293423 -0.015541 0.023565
0.290488 0.1146 0.0269681
0.287584 -0.245506 0.0493888
0.284708 -0.173521 0.0161504
0.281861 -0.266802 0.0401651
0.279042 -0.240043 0.0326157
0.276252 -0.393576 0.0194978
0.273489 -0.364353 0.0176693
0.270754 -0.379021 0.0166222
0.268047 -0.406327 0.0111309
0.265366 -0.427515 0.0134659
0.262713 -0.116297 0.0248076
0.260085 0.0591624 0.0254599
0.257485 -0.187636 0.0202371
0.25491 0.130932 0.178673
0.252361 -0.167788 0.0605842
0.249837 -0.407066 0.00987676
0.247339 -0.364746 0.0298158
0.244865 -0.288612 0.0435681
0.242417 0.116194 0.03644
0.239992 0.367981 0.0322768
0.237593 -0.255604 0.0181445
0.235217 -0.393463 0.0105059
0.232864 -0.447387 0.00530383
0.230536 -0.23002 0.0237489
0.22823 0.0678495 0.128825
0.225948 -0.268506 0.0159922
0.223689 -0.248824 0.041677
0.221452 -0.187719 0.0552971
0.219237 -0.345296 0.0276257
0.217045 -0.309745 0.0180702
0.214874 0.267362 0.0296118
0.212726 -0.254921 0.029809
0.210598 0.0164222 0.0945208
0.208492 -0.352447 0.0155789
0.206408 -0.27432 0.0274141
0.204343 -0.246016 0.0296419
0.2023 -0.359466 0.0265046
0.200277 -0.384707 0.0119166
0.198274 -0.369511 0.0123271
0.196292 0.124609 0.129806
0.194329 -0.105482 0.0265168
0.192385 -0.404351 0.0122006
0.190461 -0.399057 0.0211833
0.188557 -0.241821 0.0478874
0.186671 -0.24357 0.0394627
0.184805 -0.302928 0.0230028
0.182957 -0.41191 0.0135667
0.181127 -0.406505 0.0168252
0.179316 -0.274039 0.0526492
0.177523 -0.419088 0.0149503
0.175747 -0.33491 0.0173875
0.17399 -0.0989264 0.0885796
0.17225 -0.286594 0.0339108
0.170527 -0.394731 0.0123162
0.168822 -0.411143 0.00813952
0.167134 -0.439649 0.0102354
0.165463 -0.206381 0.0341751
0.163808 -0.239502 0.0211281
0.16217 -0.422078 0.0119159
0.160548 -0.442704 0.0069467
0.158943 -0.376198 0.0276619
0.157353 -0.334305 0.0203383
0.15578 -0.315427 0.0163771
0.154222 -0.420542 0.00819594
0.15268 -0.385329 0.0225324
0.151153 -0.34812 0.0128276
0.149641 -0.423285 0.0198465
0.148145 -0.433894 0.00714274
0.146664 -0.193324 0.0568671
0.145197 -0.383418 0.0199356
0.143745 -0.0259666 0.085962
0.142307 -0.367469 0.0139993
0.140884 -0.363831 0.0130832
0.139476 -0.3378 0.0147051
0.138081 -0.286238 0.0256263
0.1367 0.00661324 0.0208684
0.135333 -0.172945 0.0564484
0.13398 -0.384752 0.0114176
0.13264 -0.312734 0.0162367
0.131313 -0.3906 0.0213518
0.13 -0.39521 0.0133579
0.1287 -0.3339 0.0164901
0.127413 -0.421067 0.010395
0.126139 -0.18726 0.0280205
0.124878 -0.244195 0.0385366
0.123629 -0.137005 0.024137
0.122393 -0.391199 0.0205582
0.121169 -0.454078 0.00642093
0.119957 -0.382647 0.0183388
0.118758 -0.365451 0.0117487
0.11757 -0.168817 0.100912
0.116394 -0.228767 0.0257801
0.11523 -0.303864 0.0253625
0.114078 -0.240649 0.020393
0.112937 -0.308991 0.0143588
0.111808 -0.379833 0.0197583
0.11069 -0.405546 0.0166396
0.109583 -0.177419 0.0215823
0.108487 -0.150232 0.0609585
0.107402 -0.435543 0.00972449
0.106328 -0.338574 0.0210832
0.105265 -0.304739 0.0300469
0.104212 -0.440878 0.00815265
0.10317 -0.180402 0.0668964
0.102138 -0.387602 0.0142306
0.101117 -0.425142 0.0117598
0.100106 -0.262756 0.0288112
0.0991048 -0.414551 0.0101912
0.0981138 -0.316467 0.0159214
0.0971326 -0.374314 0.0163072
0.0961613 -0.449308 0.00576452
0.0951997 -0.258585 0.0187664
0.0942477 -0.43165 0.00824786
0.0933052 -0.458075 0.00896795
0.0923722 -0.332386 0.0139653
0.0914484 -0.418742 0.0128081
0.090534 -0.413934 0.0127593
0.0896286 -0.184882 0.0206598
0.0887323 -0.336686 0.0225044
0.087845 -0.418798 0.013932
0.0869666 -0.318308 0.018698
0.0860969 -0.383748 0.0165119
0.0852359 -0.425706 0.0151539
0.0843836 -0.324044 0.0307478
0.0835397 -0.321704 0.0357313
0.0827043 -0.246987 0.0282898
0.0818773 -0.388737 0.0110474
0.0810585 -0.307679 0.0196327
0.0802479 -0.432066 0.0116863
0.0794455 -0.403817 0.0110801
0.078651 -0.409443 0.0142622
0.0778645 -0.374169 0.0143321
0.0770858 -0.235257 0.0310128
0.076315 -0.365129 0.0179132
0.0755518 -0.429251 0.00807101
0.0747963 -0.403065 0.0158238
0.0740484 -0.443002 0.0090503
0.0733079 -0.369336 0.0146498
0.0725748 -0.422829 0.0102051
0.071849 -0.422757 0.0135129
0.0711306 -0.125466 0.0620749
0.0704192 -0.352664 0.0137877
0.0697151 -0.217923 0.0199908
0.0690179 -0.183875 0.0387665
0.0683277 -0.408204 0.00904496
0.0676444 -0.399128 0.0165884
0.066968 -0.421524 0.0110117
0.0662983 -0.353479 0.0214067
0.0656353 -0.43394 0.0114678
0.064979 -0.360581 0.0182945
0.0643292 -0.430593 0.00748861
0.0636859 -0.39429 0.0208429
0.063049 -0.229882 0.0248732
0.0624186 -0.442692 0.00935842
0.0617944 -0.401356 0.0129164
0.0611764 -0.441254 0.0108561
0.0605647 -0.420872 0.0148703
0.059959 -0.133919 0.126111
0.0593594 -0.411839 0.00802862
0.0587658 -0.125343 0.0222922
0.0581782 -0.353049 0.0236547
0.0575964 -0.156124 0.0453111
0.0570204 -0.414429 0.0095942
0.0564502 -0.439592 0.00866384
0.0558857 -0.445983 0.011471
0.0553269 -0.415236 0.0105112
0.0547736 -0.436174 0.0115079
0.0542259 -0.220956 0.0193641
0.0536836 -0.42786 0.0108432
0.0531468 -0.246833 0.0151791
0.0526153 -0.352678 0.0222849
0.0520891 -0.287089 0.031621
0.0515683 -0.378009 0.0116718
0.0510526 -0.0515595 0.0935237
0.050542 -0.392434 0.0154422
0.0500366 -0.375901 0.0268244
0.0495363 -0.301397 0.0338041
0.0490409 -0.396683 0.0122937
0.0485505 -0.415119 0.0242437
0.048065 -0.373691 0.0117202
0.0475843 -0.326489 0.0204238
0.0471085 -0.428323 0.00908008
0.0466374 -0.407193 0.010168
0.046171 -0.360551 0.0168995
0.0457093 -0.404021 0.0110864
0.0452522 -0.399624 0.0274523
0.0447997 -0.404445 0.00709169
0.0443517 -0.403598 0.0214798
0.0439082 -0.410407 0.0100333
0.0434691 -0.430216 0.0122906
0.0430344 -0.259452 0.0301717
0.0426041 -0.440985 0.00922666
0.042178 -0.446385 0.00568834
0.0417563 -0.202019 0.052244
0.0413387 -0.400574 0.0282405
0.0409253 -0.436231 0.00773686
0.040516 -0.43251 0.00990688
0.0401109 -0.217399 0.0366254
0.0397098 -0.421451 0.0078391
0.0393127 -0.291654 0.0303832
0.0389196 -0.416547 0.0138343
0.0385304 -0.431195 0.00986643
0.0381451 -0.413319 0.00757327
0.0377636 -0.417291 0.0189475
0.037386 -0.420431 0.00741583
0.0370121 -0.44791 0.00650358
0.036642 -0.449819 0.00814913
0.0362756 -0.439925 0.00853182
0.0359128 -0.422299 0.00760567
0.0355537 -0.306691 0.0243653
0.0351981 -0.453416 0.00540172
0.0348462 -0.417243 0.0178957
0.0344977 -0.434771 0.010194
0.0341527 -0.440086 0.00821432
0.0338112 -0.421108 0.019317
0.0334731 -0.323471 0.0116264
0.0331384 -0.395004 0.0130035
0.032807 -0.382774 0.0136068
0.0324789 -0.42988 0.0141085
0.0321541 -0.433507 0.0128197
0.0318326 -0.433716 0.00932786
0.0315142 -0.399008 0.014978
0.0311991 -0.391883 0.0103508
0.0308871 -0.437481 0.00683974
0.0305782 -0.3318 0.0386672
0.0302725 -0.435744 0.0109995
0.0299697 -0.415974 0.00899794
0.02967 -0.423725 0.00984558
0.0293733 -0.422916 0.0103025
0.0290796 -0.381698 0.0213338
0.0287888 -0.455539 0.00762027
0.0285009 -0.318608 0.0163663
0.0282159 -0.427038 0.00767628
0.0279338 -0.445991 0.0062315
0.0276544 -0.451499 0.0102334
0.0273779 -0.315595 0.0284107
0.0271041 -0.346353 0.0213975
0.0268331 -0.418446 0.00745155
0.0265647 -0.416807 0.0159837
0.0262991 -0.324706 0.0361677
0.0260361 -0.444169 0.00773939
0.0257757 -0.412931 0.0200586
0.025518 -0.391852 0.0200531
0.0252628 -0.376607 0.0254903
0.0250102 -0.418878 0.0177344
0.0247601 -0.409587 0.00990787
0.0245125 -0.421344 0.00969292
0.0242673 -0.403432 0.023226
0.0240247 -0.44049 0.00812731
0.0237844 -0.447365 0.0156518
0.0235466 -0.327259 0.0383106
0.0233111 -0.398504 0.024445
0.023078 -0.421037 0.00794345
0.0228472 -0.429574 0.0114102
0.0226187 -0.390904 0.0279251
0.0223926 -0.419905 0.0187785
0.0221686 -0.445613 0.00757421
0.0219469 -0.442377 0.00925638
0.0217275 -0.448271 0.00729134
0.0215102 -0.429521 0.00701957
0.0212951 -0.443493 0.00946655
0.0210821 -0.408801 0.0216132
0.0208713 -0.399697 0.00920872
0.0206626 -0.447437 0.00593501
0.020456 -0.446176 0.00773374
0.0202514 -0.411503 0.0120176
0.0200489 -0.325264 0.02057
0.0198484 -0.435766 0.00805706
0.0196499 -0.442121 0.00997395
0.0194534 -0.427 0.0115065
0.0192589 -0.450269 0.00721876
0.0190663 -0.425009 0.0135764
0.0188756 -0.419387 0.0125794
0.0186869 -0.422989 0.00744905
0.0185 -0.435283 0.00759921
0.018315 -0.444081 0.00717023
0.0181319 -0.449593 0.00829389
0.0179506 -0.426486 0.00949776
0.017771 -0.327598 0.01831
0.0175933 -0.393089 0.0147234
0.0174174 -0.447341 0.00869181
0.0172432 -0.446886 0.00886202
0.0170708 -0.429507 0.0133907
0.0169001 -0.447254 0.00695854
0.0167311 -0.437701 0.0126123
0.0165638 -0.439748 0.0100877
0.0163981 -0.428661 0.00854842
0.0162342 -0.403981 0.00892707
0.0160718 -0.422337 0.0104803
0.0159111 -0.414003 0.0173267
0.015752 -0.42958 0.00928405
0.0155945 -0.384388 0.0268151
0.0154385 -0.438014 0.00733109
0.0152841 -0.421877 0.00743808
0.0151313 -0.436572 0.0077778
0.01498 -0.442377 0.0116095
0.0148302 -0.418644 0.0118545
0.0146819 -0.446009 0.00703478
0.0145351 -0.447937 0.00702794
0.0143897 -0.390789 0.0112113
0.0142458 -0.437096 0.00749205
0.0141034 -0.4431 0.00748987
0.0139623 -0.432127 0.0110911
0.0138227 -0.436634 0.00801645
0.0136845 -0.423332 0.00924818
0.0135476 -0.446339 0.00639421
0.0134122 -0.442861 0.00738255
0.013278 -0.428397 0.0148682
0.0131453 -0.444117 0.00889717
0.0130138 -0.452829 0.00722785
0.0128837 -0.416653 0.00874465
0.0127548 -0.441308 0.00505971
0.0126273 -0.437327 0.00639512
0.012501 -0.4267 0.00739623
0.012376 -0.444964 0.00771528
0.0122522 -0.436059 0.0123806
0.0121297 -0.428701 0.00759419
0.0120084 -0.438831 0.00567396
0.0118883 -0.40344 0.0216392
0.0117694 -0.455635 0.00707803
0.0116518 -0.421989 0.00883064
0.0115352 -0.441296 0.0153413
0.0114199 -0.447581 0.00708662
0.0113057 -0.431973 0.00954535
0.0111926 -0.426354 0.0104944
0.0110807 -0.444295 0.00642578
0.0109699 -0.447294 0.00729446
0.0108602 -0.442761 0.00746697
0.0107516 -0.398104 0.0112299
0.0106441 -0.434282 0.00610153
0.0105376 -0.425831 0.0100492
0.0104323 -0.402936 0.0157198
0.0103279 -0.422577 0.00790119
0.0102247 -0.397701 0.00966296
0.0101224 -0.437931 0.0090464
0.0100212 -0.441943 0.0105429
0.00992097 -0.427871 0.00917529
0.00982176 -0.415591 0.0201193
0.00972355 -0.436618 0.00899709
0.00962631 -0.416498 0.0104191
0.00953005 -0.434099 0.0103301
0.00943475 -0.419113 0.00969836
0.0093404 -0.430079 0.00746107
0.009247 -0.433624 0.00923025
0.00915453 -0.437434 0.00633823
0.00906298 -0.45326 0.0064037
0.00897235 -0.448281 0.00820729
0.00888263 -0.451384 0.00930176
0.0087938 -0.435032 0.0101469
0.00870586 -0.448042 0.00668199
0.0086188 -0.441283 0.00803593
0.00853262 -0.433686 0.0110485
0.00844729 -0.438159 0.0126341
0.00836282 -0.42425 0.0111713
0.00827919 -0.438828 0.014736
0.0081964 -0.44031 0.0101624
0.00811443 -0.445689 0.00754535
0.00803329 -0.440833 0.00635714
0.00795296 -0.430139 0.01184
0.00787343 -0.414012 0.0201206
0.00779469 -0.43693 0.00883111
0.00771675 -0.437667 0.0080339
0.00763958 -0.422671 0.0098375
0.00756318 -0.429819 0.00827881
0.00748755 -0.428253 0.0124927
0.00741268 -0.443575 0.00806569
0.00733855 -0.444781 0.00750226
0.00726516 -0.447632 0.00662956
0.00719251 -0.44438 0.0063214
0.00712059 -0.438176 0.00781128
0.00704938 -0.453367 0.00565466
0.00697889 -0.448574 0.00964332
0.0069091 -0.45217 0.00588835
0.00684001 -0.412244 0.00986173
0.00677161 -0.433438 0.0111831
0.00670389 -0.447344 0.00597663
0.00663685 -0.44216 0.00890908
0.00657048 -0.44085 0.00782291
