# VELOCITY:     ACTUAL_POFV:     AVE_POFV:        ERROR:
   0.0284191           0           0           0
   0.0852574           0           0           0
    0.142096  0.00651621  0.00651621           0
    0.198934   0.0155924   0.0155924           0
    0.255772   0.0139633   0.0139633           0
    0.312611   0.0172214   0.0172214           0
    0.369449   0.0260648   0.0260648           0
    0.426287   0.0370028   0.0370028           0
    0.483126   0.0502679   0.0502679           0
    0.539964   0.0472425   0.0472425           0
    0.596802   0.0944851   0.0944851           0
     0.65364    0.122412    0.122412           0
    0.710479    0.122412    0.122412           0
    0.767317    0.272517    0.272517           0
    0.824155    0.225275    0.225275           0
    0.880994    0.181523    0.181523           0
    0.937832    0.227369    0.227369           0
     0.99467    0.222249    0.222249           0
     1.05151    0.256459    0.256459           0
     1.10835    0.248081    0.248081           0
     1.16519    0.268096    0.268096           0
     1.22202      0.2283      0.2283           0
     1.27886     0.34885     0.34885           0
      1.3357     0.41727     0.41727           0
     1.39254    0.273681    0.273681           0
     1.44938    0.449851    0.449851           0
     1.50621      0.3172      0.3172           0
     1.56305    0.370028    0.370028           0
     1.61989    0.544569    0.544569           0
     1.67673    0.498025    0.498025           0
     1.73357    0.447059    0.447059           0
     1.79041    0.166163    0.166163           0
     1.84724     0.37282     0.37282           0
     1.90408    0.380733    0.380733           0
     1.96092    0.293695    0.293695           0
     2.01776    0.269259    0.269259           0
      2.0746    0.373286    0.373286           0
     2.13144    0.205028    0.205028           0
     2.18827    0.404238    0.404238           0
     2.24511     0.72935     0.72935           0
     2.30195    0.516177    0.516177           0
     2.35879    0.562721    0.562721           0
     2.41563    0.168258    0.168258           0
     2.47247    0.213639    0.213639           0
      2.5293     0.28555     0.28555           0
     2.58614    0.445662    0.445662           0
     2.64298    0.628349    0.628349           0
     2.69982    0.342334    0.342334           0
     2.75666    0.347686    0.347686           0
      2.8135    0.309753    0.309753           0
     2.87033    0.292299    0.292299           0
     2.92717    0.238307    0.238307           0
     2.98401    0.134746    0.134746           0
     3.04085   0.0777291   0.0777291           0
     3.09769    0.135211    0.135211           0
     3.15453   0.0707474   0.0707474           0
     3.21136    0.216431    0.216431           0
      3.2682    0.145451    0.145451           0
     3.32504    0.168258    0.168258           0
     3.38188     0.19153     0.19153           0
     3.43872    0.200374    0.200374           0
     3.49556    0.303237    0.303237           0
     3.55239    0.112172    0.112172           0
     3.60923    0.222948    0.222948           0
     3.66607     0.14964     0.14964           0
     3.72291    0.150571    0.150571           0
     3.77975    0.095416    0.095416           0
     3.83659    0.131022    0.131022           0
     3.89342   0.0639985   0.0639985           0
     3.95026   0.0432863   0.0432863           0
      4.0071   0.0656276   0.0656276           0
     4.06394    0.103794    0.103794           0
     4.12078    0.120317    0.120317           0
     4.17761   0.0332792   0.0332792           0
     4.23445   0.0204795   0.0204795           0
     4.29129   0.0765655   0.0765655           0
     4.34813    0.026763    0.026763           0
     4.40497   0.0444499   0.0444499           0
     4.46181   0.0335119   0.0335119           0
     4.51864    0.120783    0.120783           0
     4.57548   0.0726092   0.0726092           0
     4.63232   0.0737728   0.0737728           0
     4.68916   0.0195486   0.0195486           0
       4.746   0.0472425   0.0472425           0
     4.80284   0.0460789   0.0460789           0
     4.85967   0.0165233   0.0165233           0
     4.91651   0.0360719   0.0360719           0
     4.97335   0.0200141   0.0200141           0
     5.03019  0.00651621  0.00651621           0
     5.08703  0.00558532  0.00558532           0
     5.14387  0.00837799  0.00837799           0
      5.2007 0.000232722 0.000232722           0
     5.25754 0.000232722 0.000232722           0
     5.31438 0.000232722 0.000232722           0
     5.37122 0.000232722 0.000232722           0
     5.42806    0.053526    0.053526           0
      5.4849   0.0104725   0.0104725           0
     5.54173  0.00581805  0.00581805           0
     5.59857  0.00442172  0.00442172           0
     5.65541  0.00395627  0.00395627           0
   0.0284191           0           0           0
   0.0852574   0.0139633  0.00698166  0.00493678
    0.142096   0.0388645   0.0226904   0.0114369
    0.198934    0.117757   0.0666748   0.0361207
    0.255772    0.113568   0.0637658   0.0352157
    0.312611   0.0474753   0.0323483   0.0106963
    0.369449   0.0130324   0.0195486  0.00460766
    0.426287   0.0109379   0.0239703  0.00921531
    0.483126   0.0637658   0.0570169  0.00477222
    0.539964   0.0437517   0.0454971  0.00123419
    0.596802    0.106121    0.100303  0.00411398
     0.65364    0.153829     0.13812   0.0111077
    0.710479    0.118455    0.120434  0.00139875
    0.767317    0.143357    0.207937   0.0456652
    0.824155    0.175007    0.200141   0.0177724
    0.880994    0.263674    0.222598   0.0290447
    0.937832     0.12311     0.17524   0.0368613
     0.99467    0.156855    0.189552   0.0231206
     1.05151    0.199675    0.228067   0.0200762
     1.10835    0.170352    0.209217   0.0274814
     1.16519    0.244358    0.256227  0.00839252
     1.22202    0.223646    0.225973  0.00164559
     1.27886     0.29672    0.322785   0.0184306
      1.3357    0.393998    0.405634  0.00822796
     1.39254    0.265303    0.269492  0.00296207
     1.44938    0.412616    0.431234   0.0131647
     1.50621    0.517108    0.417154   0.0706782
     1.56305    0.332792     0.35141   0.0131647
     1.61989    0.837566    0.691068     0.10359
     1.67673    0.315338    0.406681   0.0645895
     1.73357    0.406332    0.426695   0.0143989
     1.79041    0.376544    0.271354   0.0743808
     1.84724    0.213639     0.29323   0.0562792
     1.90408    0.239936    0.310335   0.0497792
     1.96092    0.243194    0.268445   0.0178547
     2.01776    0.319294    0.294277   0.0176901
      2.0746    0.635796    0.504541   0.0928114
     2.13144    0.655112     0.43007    0.159129
     2.18827    0.604146    0.504192   0.0706782
     2.24511     0.41215     0.57075    0.112147
     2.30195    0.283688    0.399932   0.0821973
     2.35879    0.308124    0.435423   0.0900139
     2.41563    0.409125    0.288691   0.0851594
     2.47247    0.500352    0.356995    0.101368
      2.5293    0.286015    0.285782 0.000164559
     2.58614    0.202235    0.323949   0.0860645
     2.64298    0.255529    0.441939    0.131812
     2.69982    0.345126     0.34373 0.000987355
     2.75666    0.164069    0.255878   0.0649186
      2.8135    0.210148     0.25995   0.0352157
     2.87033    0.205028    0.248663   0.0308548
     2.92717    0.399118    0.318713   0.0568552
     2.98401    0.225042    0.179894   0.0319245
     3.04085    0.222249    0.149989   0.0510956
     3.09769    0.300211    0.217711   0.0583362
     3.15453    0.129626    0.100187   0.0208167
     3.21136     0.07866    0.147546   0.0487095
      3.2682    0.107517    0.126484   0.0134116
     3.32504    0.152666    0.160462  0.00551273
     3.38188    0.161044    0.176287   0.0107786
     3.43872    0.386318    0.293346   0.0657414
     3.49556    0.227369    0.265303   0.0268231
     3.55239    0.379569    0.245871   0.0945393
     3.60923    0.179894    0.201421   0.0152217
     3.66607    0.182221    0.165931   0.0115191
     3.72291   0.0919251    0.121248   0.0207345
     3.77975   0.0847108   0.0900634  0.00378486
     3.83659   0.0772637    0.104143   0.0190066
     3.89342   0.0856416   0.0748201    0.007652
     3.95026   0.0246685   0.0339774  0.00658237
      4.0071  0.00488716   0.0352574    0.021475
     4.06394   0.0151269   0.0594604   0.0313485
     4.12078   0.0255994   0.0729583   0.0334878
     4.17761   0.0121015   0.0226904  0.00748744
     4.23445   0.0563187   0.0383991   0.0126711
     4.29129   0.0132651   0.0449153   0.0223801
     4.34813   0.0381664   0.0324647   0.0040317
     4.40497   0.0956487   0.0700493   0.0181015
     4.46181    0.056086    0.044799  0.00798112
     4.51864   0.0274612   0.0741219   0.0329941
     4.57548   0.0446826   0.0586459  0.00987355
     4.63232   0.0374682   0.0556205   0.0128356
     4.68916 0.000232722  0.00989068  0.00682921
       4.746    0.163138     0.10519   0.0409752
     4.80284    0.115197   0.0806381    0.024437
     4.85967   0.0481734   0.0323483     0.01119
     4.91651 0.000232722   0.0181523   0.0126711
     4.97335 0.000232722   0.0101234  0.00699377
     5.03019 0.000232722  0.00337447  0.00222155
     5.08703 0.000465444  0.00302538  0.00181015
     5.14387 0.000232722  0.00430535  0.00287979
      5.2007 0.000232722 0.000232722           0
     5.25754 0.000465444 0.000349083 8.22796e-05
     5.31438 0.000465444 0.000349083 8.22796e-05
     5.37122 0.000698166 0.000465444 0.000164559
     5.42806    0.125437   0.0894815   0.0254244
      5.4849    0.012567   0.0115197 0.000740516
     5.54173  0.00884343  0.00733074  0.00106963
     5.59857  0.00581805  0.00511988 0.000493678
     5.65541           0  0.00197814  0.00139875
   0.0284191           0           0           0
   0.0852574           0  0.00465444  0.00380033
    0.142096           0   0.0151269   0.0098118
    0.198934   0.0232722   0.0522073   0.0268218
    0.255772    0.139633   0.0890549   0.0312655
    0.312611   0.0230395   0.0292454   0.0075676
    0.369449   0.0337447   0.0242806  0.00493596
    0.426287   0.0249012   0.0242806  0.00614877
    0.483126   0.0195486   0.0445274   0.0106823
    0.539964   0.0502679   0.0470874  0.00153719
    0.596802   0.0502679   0.0836247   0.0138913
     0.65364   0.0823835    0.119541   0.0168806
    0.710479   0.0791254    0.106664   0.0112813
    0.767317    0.150804    0.188893   0.0341847
    0.824155    0.156622    0.185634   0.0167532
    0.880994    0.208053     0.21775   0.0197637
    0.937832     0.37026    0.240247   0.0584907
     0.99467    0.252503    0.210536   0.0230462
     1.05151    0.175938    0.210691   0.0195047
     1.10835    0.141262    0.186565    0.026033
     1.16519    0.103794    0.205416   0.0418625
     1.22202    0.162673    0.204873   0.0172631
     1.27886    0.410056    0.351875    0.026742
      1.3357    0.353504    0.388258   0.0152114
     1.39254    0.363744    0.300909   0.0257281
     1.44938    0.283222    0.381897   0.0412285
     1.50621    0.363744    0.399351   0.0493101
     1.56305    0.592743    0.431854   0.0662662
     1.61989    0.413547    0.598561    0.102344
     1.67673    0.482665    0.432009   0.0477682
     1.73357    0.503145    0.452179   0.0229144
     1.79041    0.311382    0.284696   0.0507698
     1.84724    0.219689    0.268716   0.0425243
     1.90408    0.318363    0.313011    0.033258
     1.96092    0.479872    0.338921   0.0587616
     2.01776    0.609499    0.399351   0.0865993
      2.0746    0.367235    0.458772   0.0722837
     2.13144    0.399816    0.419985    0.106405
     2.18827    0.665119    0.557834   0.0643313
     2.24511    0.510592    0.550697   0.0765365
     2.30195    0.293695     0.36452   0.0619587
     2.35879    0.207122    0.359323   0.0863824
     2.41563    0.224344    0.267242   0.0594128
     2.47247    0.602517    0.438836   0.0950377
      2.5293    0.235515    0.269026   0.0136816
     2.58614    0.260416    0.302771   0.0599253
     2.64298    0.296488    0.393455   0.0963798
     2.69982    0.278568    0.322009   0.0177471
     2.75666    0.299978    0.270578   0.0449126
      2.8135    0.394929    0.304943   0.0435976
     2.87033    0.296488    0.264605   0.0243422
     2.92717    0.327207    0.321544   0.0379739
     2.98401    0.181988    0.180592   0.0212906
     3.04085     0.14452    0.148166   0.0340963
     3.09769    0.169887     0.20177   0.0410112
     3.15453    0.296022    0.165465   0.0550767
     3.21136    0.258089    0.184393   0.0442681
      3.2682    0.159182    0.137383   0.0126149
     3.32504     0.17873    0.166551  0.00618292
     3.38188    0.319993    0.224189   0.0397664
     3.43872    0.124739    0.237144    0.063456
     3.49556    0.386318    0.305641   0.0374775
     3.55239    0.144055    0.211932    0.068849
     3.60923   0.0793581    0.160733   0.0347366
     3.66607    0.070282    0.134048   0.0271413
     3.72291   0.0509661   0.0978207   0.0236002
     3.77975   0.0437517   0.0746261   0.0128545
     3.83659   0.0428208   0.0837023   0.0209548
     3.89342   0.0472425   0.0656276  0.00907516
     3.95026   0.0600422   0.0426657  0.00834151
      4.0071   0.0600422    0.043519   0.0158262
     4.06394    0.084478   0.0677996   0.0219802
     4.12078   0.0509661   0.0656276   0.0231137
     4.17761    0.111241   0.0522073   0.0246119
     4.23445   0.0444499    0.040416   0.0086064
     4.29129   0.0681875   0.0526727   0.0162088
     4.34813    0.117292   0.0607404   0.0232429
     4.40497    0.114266   0.0847883   0.0170427
     4.46181     0.14452   0.0780394   0.0276573
     4.51864   0.0430535   0.0637658   0.0235654
     4.57548   0.0190832   0.0454583   0.0126202
     4.63232  0.00930887   0.0401833   0.0152347
     4.68916  0.00884343   0.0095416  0.00456172
       4.746   0.0246685   0.0783497   0.0350212
     4.80284   0.0646967   0.0753243   0.0168592
     4.85967   0.0865725   0.0504231   0.0165363
     4.91651    0.112405   0.0495698   0.0270073
     4.97335   0.0288575   0.0163681  0.00690916
     5.03019   0.0295557   0.0121015  0.00727791
     5.08703           0  0.00201692  0.00146092
     5.14387           0  0.00287024   0.0022492
      5.2007           0 0.000155148 6.33389e-05
     5.25754           0 0.000232722 0.000109706
     5.31438           0 0.000232722 0.000109706
     5.37122           0 0.000310296 0.000167579
     5.42806           0   0.0596544   0.0296715
      5.4849           0  0.00767982   0.0031739
     5.54173           0  0.00488716  0.00211878
     5.59857           0  0.00341325  0.00143179
     5.65541           0  0.00131876  0.00107676
   0.0284191           0           0           0
   0.0852574           0  0.00349083  0.00302315
    0.142096  0.00139633   0.0116943  0.00793662
    0.198934   0.0176869   0.0435772   0.0214599
    0.255772   0.0530606   0.0800563   0.0247102
    0.312611   0.0598095   0.0368864  0.00871795
    0.369449   0.0344428   0.0268212  0.00430644
    0.426287   0.0283921   0.0253085   0.0046967
    0.483126   0.0314174   0.0412499  0.00849968
    0.539964   0.0344428   0.0439262  0.00297048
    0.596802   0.0498025   0.0751692   0.0127345
     0.65364   0.0584132    0.104259   0.0183151
    0.710479   0.0584132   0.0946014   0.0134432
    0.767317    0.111241     0.16948   0.0306591
    0.824155    0.126368    0.170818    0.017959
    0.880994    0.137073    0.197581   0.0229088
    0.937832    0.141262      0.2155   0.0488229
     0.99467    0.339076    0.242671   0.0327605
     1.05151    0.146847     0.19473    0.020126
     1.10835    0.136142     0.17396   0.0223695
     1.16519    0.182454    0.199675    0.031788
     1.22202    0.257623     0.21806   0.0172646
     1.27886    0.293928    0.337388   0.0236573
      1.3357    0.439146     0.40098   0.0158601
     1.39254    0.240402    0.285782   0.0233229
     1.44938    0.153596    0.324822   0.0583035
     1.50621    0.212242    0.352574   0.0548524
     1.56305    0.427975    0.430884   0.0497067
     1.61989    0.629978    0.606415   0.0770588
     1.67673    0.452179    0.437052   0.0360913
     1.73357    0.401212    0.439437   0.0204233
     1.79041    0.358857    0.303237   0.0413242
     1.84724    0.273681    0.269957   0.0319113
     1.90408    0.373751    0.328196   0.0281978
     1.96092    0.270423    0.321796   0.0464995
     2.01776    0.582503    0.445139   0.0760976
      2.0746    0.473124     0.46236   0.0543018
     2.13144    0.507566    0.441881   0.0820255
     2.18827    0.467305    0.535202   0.0520776
     2.24511    0.717016    0.592277    0.067762
     2.30195    0.421692    0.378813   0.0480893
     2.35879    0.281593     0.33989   0.0669368
     2.41563    0.411219    0.303237   0.0543806
     2.47247    0.280663    0.399293   0.0790781
      2.5293    0.242729    0.262452    0.011735
     2.58614    0.474287     0.34565   0.0583002
     2.64298    0.325578    0.376486   0.0737636
     2.69982    0.182221    0.287062   0.0330626
     2.75666    0.156156    0.241973   0.0418132
      2.8135    0.286248    0.300269   0.0329478
     2.87033    0.221318    0.253783   0.0205215
     2.92717    0.345359    0.327498   0.0289434
     2.98401    0.404703     0.23662   0.0510814
     3.04085     0.25739    0.175472   0.0348303
     3.09769    0.124972     0.18257   0.0349649
     3.15453    0.202468    0.174716   0.0420773
     3.21136    0.601819     0.28875   0.0962808
      3.2682    0.247616    0.164942    0.025673
     3.32504    0.306029    0.201421   0.0305518
     3.38188    0.250874     0.23086   0.0303792
     3.43872    0.235282    0.236678   0.0475937
     3.49556    0.314174    0.307775   0.0281688
     3.55239    0.156156    0.197988     0.05303
     3.60923    0.119852    0.150513   0.0275149
     3.66607    0.112637    0.128695   0.0208771
     3.72291   0.0714456    0.091227   0.0185985
     3.77975    0.051897   0.0689438   0.0108242
     3.83659   0.0656276   0.0791836    0.016196
     3.89342   0.0549224   0.0629513  0.00719017
     3.95026   0.0537587   0.0454389  0.00670131
      4.0071   0.0249012   0.0388645   0.0125354
     4.06394   0.0374682   0.0602168    0.017745
     4.12078   0.0549224   0.0629513   0.0174895
     4.17761    0.252736    0.102339   0.0471769
     4.23445   0.0244358    0.036421  0.00732358
     4.29129   0.0612058    0.054806   0.0122962
     4.34813   0.0363046   0.0546315   0.0182173
     4.40497   0.0328138   0.0717947   0.0170296
     4.46181   0.0947178    0.082209    0.021055
     4.51864    0.169422   0.0901797   0.0289075
     4.57548   0.0297884   0.0415408   0.0100548
     4.63232   0.0605077   0.0452644    0.012244
     4.68916  0.00651621  0.00878525  0.00348343
       4.746  0.00139633   0.0591113   0.0311044
     4.80284  0.00139633   0.0568423   0.0203978
     4.85967    0.162905   0.0785436   0.0273293
     4.91651  0.00139633   0.0375264    0.022783
     4.97335           0   0.0122761  0.00627776
     5.03019           0  0.00907615  0.00605468
     5.08703           0  0.00151269   0.0011795
     5.14387           0  0.00215268  0.00179772
      5.2007           0 0.000116361 5.81805e-05
     5.25754           0 0.000174541 9.64814e-05
     5.31438           0 0.000174541 9.64814e-05
     5.37122           0 0.000232722 0.000142512
     5.42806           0   0.0447408     0.02573
      5.4849           0  0.00575987  0.00290364
     5.54173           0  0.00366537  0.00190913
     5.59857           0  0.00255994  0.00130355
     5.65541           0 0.000989068 0.000856558
   0.0284191           0           0           0
   0.0852574           0  0.00279266  0.00249783
    0.142096           0  0.00935542  0.00668504
    0.198934           0   0.0348617   0.0188548
    0.255772           0   0.0640451   0.0244104
    0.312611  0.00116361   0.0297419  0.00945925
    0.369449  0.00581805   0.0226206  0.00509758
    0.426287   0.0218759    0.024622   0.0038072
    0.483126   0.0397954    0.040959  0.00680472
    0.539964   0.0937869   0.0538984  0.00923049
    0.596802   0.0639985    0.072935   0.0103817
     0.65364   0.0723765   0.0978828    0.015723
    0.710479   0.0949505   0.0946712   0.0107548
    0.767317    0.121714    0.159926    0.025973
    0.824155   0.0968123    0.156017   0.0195365
    0.880994   0.0754019    0.173145   0.0285231
    0.937832   0.0921578    0.190832   0.0448596
     0.99467    0.249245    0.243986   0.0262348
     1.05151    0.272983    0.210381   0.0213351
     1.10835    0.221086    0.183385   0.0197818
     1.16519    0.256925    0.211125   0.0274151
     1.22202    0.211311    0.216711   0.0138643
     1.27886    0.506403    0.371191   0.0356692
      1.3357    0.375148    0.395813   0.0135034
     1.39254    0.268794    0.282385   0.0189042
     1.44938    0.244125    0.308682   0.0488255
     1.50621    0.271819    0.336423   0.0461985
     1.56305    0.239703    0.392648   0.0524489
     1.61989    0.409125    0.566957   0.0710346
     1.67673    0.364675    0.422576    0.031643
     1.73357    0.394929    0.430535   0.0181753
     1.79041    0.278335    0.298256   0.0333581
     1.84724    0.580176    0.332001   0.0610841
     1.90408    0.354901    0.333537   0.0230585
     1.96092    0.451248    0.347686   0.0438185
     2.01776     0.33861    0.423833   0.0637909
      2.0746    0.392136    0.448315   0.0452212
     2.13144    0.394696    0.432444    0.066161
     2.18827    0.625324    0.553226   0.0446725
     2.24511    0.368631    0.547548   0.0673739
     2.30195    0.426346     0.38832   0.0393999
     2.35879    0.314873    0.334887   0.0537362
     2.41563    0.307426    0.304074   0.0435109
     2.47247     0.45916    0.411266   0.0641626
      2.5293    0.195254    0.249012   0.0152524
     2.58614    0.349083    0.346337   0.0466442
     2.64298    0.292997    0.359788   0.0608715
     2.69982    0.374915    0.304633   0.0307666
     2.75666    0.431932    0.279964   0.0476827
      2.8135    0.323251    0.304866   0.0266769
     2.87033    0.328138    0.268654   0.0211292
     2.92717    0.401212    0.342241   0.0266463
     2.98401    0.254598    0.240215   0.0409915
     3.04085    0.371657    0.214709   0.0448112
     3.09769    0.231791    0.192414    0.029325
     3.15453    0.291833    0.198139    0.039649
     3.21136    0.600655    0.351131     0.09511
      3.2682    0.155924    0.163138   0.0206017
     3.32504    0.118921    0.184921   0.0285514
     3.38188     0.18897    0.222482   0.0254324
     3.43872    0.151735    0.219689    0.040995
     3.49556    0.133582    0.272936   0.0384552
     3.55239   0.0982086    0.178032   0.0460259
     3.60923    0.150571    0.150524   0.0220119
     3.66607   0.0958814    0.122132   0.0177032
     3.72291   0.0695838   0.0868983   0.0153742
     3.77975    0.312778    0.117711   0.0444697
     3.83659    0.174309   0.0982086   0.0213878
     3.89342    0.105888   0.0715387  0.00959595
     3.95026   0.0777291    0.051897  0.00788072
      4.0071    0.166862    0.064464   0.0249966
     4.06394   0.0937869   0.0669308   0.0154139
     4.12078   0.0546896   0.0612989   0.0140694
     4.17761   0.0269957   0.0872707   0.0400759
     4.23445   0.0879689   0.0467305    0.010925
     4.29129   0.0400282   0.0518504    0.010186
     4.34813   0.0197814   0.0476614   0.0158513
     4.40497    0.108448   0.0791254   0.0151194
     4.46181   0.0397954   0.0737263   0.0184739
     4.51864    0.163603    0.104864   0.0265956
     4.57548 0.000465444   0.0333258   0.0108946
     4.63232 0.000930887   0.0363977   0.0126032
     4.68916 0.000698166  0.00716783  0.00313987
       4.746  0.00162905   0.0476149   0.0269244
     4.80284     0.03933   0.0533398   0.0166162
     4.85967   0.0882016   0.0804752   0.0219316
     4.91651  0.00977432    0.031976   0.0188904
     4.97335  0.00674893   0.0111706  0.00511861
     5.03019  0.00465444  0.00819181   0.0049079
     5.08703           0  0.00121015 0.000981634
     5.14387           0  0.00172214  0.00148884
      5.2007           0 9.30887e-05 5.09868e-05
     5.25754           0 0.000139633 8.32611e-05
     5.31438           0 0.000139633 8.32611e-05
     5.37122           0 0.000186177 0.000121373
     5.42806           0   0.0357926   0.0220852
      5.4849           0  0.00460789  0.00254117
     5.54173           0   0.0029323   0.0016621
     5.59857           0  0.00204795  0.00113896
     5.65541           0 0.000791254 0.000707719
   0.0284191           0           0           0
   0.0852574           0  0.00232722  0.00212445
    0.142096           0  0.00779618  0.00574983
    0.198934           0   0.0290514   0.0165835
    0.255772           0   0.0533709   0.0225554
    0.312611  0.00162905   0.0250564  0.00896838
    0.369449   0.0134979   0.0211001  0.00446898
    0.426287  0.00861071   0.0219534  0.00400001
    0.483126  0.00721438   0.0353349  0.00764948
    0.539964  0.00721438   0.0461177   0.0104698
    0.596802    0.102398   0.0778455  0.00974376
     0.65364   0.0835471   0.0954935   0.0132828
    0.710479   0.0807545   0.0923518  0.00920901
    0.767317   0.0600422    0.143279   0.0264465
    0.824155   0.0595768    0.139943   0.0219168
    0.880994   0.0609731     0.15445   0.0292616
    0.937832   0.0949505    0.174852   0.0401285
     0.99467    0.213871    0.238967   0.0223373
     1.05151     0.27531    0.221202   0.0203394
     1.10835    0.322087    0.206502   0.0267784
     1.16519    0.236911    0.215423   0.0231803
     1.22202    0.178032    0.210264    0.012966
     1.27886    0.232256    0.348036   0.0364741
      1.3357     0.29323    0.378716   0.0192412
     1.39254    0.260881    0.278801   0.0160896
     1.44938    0.318596    0.310335   0.0407159
     1.50621    0.299978    0.330349    0.038896
     1.56305    0.258787    0.370338   0.0482196
     1.61989     0.22318    0.509661   0.0789925
     1.67673     0.20945    0.387055   0.0417946
     1.73357    0.393067    0.424291   0.0161834
     1.79041    0.483363    0.329107   0.0395716
     1.84724    0.476149    0.356026   0.0554269
     1.90408    0.513384    0.363512   0.0334359
     1.96092    0.580874    0.386551   0.0509125
     2.01776    0.346057     0.41087   0.0544602
      2.0746    0.337912    0.429915   0.0412585
     2.13144    0.346057    0.418046   0.0566791
     2.18827    0.382129     0.52471   0.0454257
     2.24511    0.220155    0.492982    0.075056
     2.30195    0.451713    0.398885   0.0342206
     2.35879    0.516177    0.365102   0.0525933
     2.41563    0.363046    0.313903   0.0373527
     2.47247    0.752157    0.468081   0.0744908
      2.5293    0.562721    0.301297   0.0493927
     2.58614    0.440775    0.362076   0.0414408
     2.64298    0.261579     0.34342   0.0528811
     2.69982    0.303237      0.3044   0.0256397
     2.75666    0.321622    0.286907   0.0402379
      2.8135    0.452411    0.329457   0.0315933
     2.87033    0.690486    0.338959   0.0665511
     2.92717    0.265768    0.329495   0.0250688
     2.98401    0.222715    0.237299   0.0342632
     3.04085    0.415176     0.24812   0.0482154
     3.09769    0.287179    0.208208   0.0283737
     3.15453     0.31976    0.218409   0.0378694
     3.21136    0.201304     0.32616   0.0824713
      3.2682    0.378871    0.199094   0.0370415
     3.32504    0.153131    0.179622   0.0242795
     3.38188   0.0861071    0.199753   0.0296595
     3.43872   0.0882016    0.197775    0.039589
     3.49556   0.0609731    0.237609   0.0454638
     3.55239   0.0905288    0.163448   0.0405998
     3.60923   0.0281593     0.13013   0.0261358
     3.66607   0.0186177     0.10488   0.0215796
     3.72291   0.0379337   0.0787376   0.0148203
     3.77975    0.347919    0.156079   0.0509907
     3.83659    0.186643    0.112948   0.0223316
     3.89342    0.051897   0.0682651  0.00853678
     3.95026    0.157785    0.069545   0.0173975
      4.0071    0.190832   0.0855253   0.0283471
     4.06394    0.134281   0.0781558   0.0164314
     4.12078    0.113336   0.0699717   0.0141473
     4.17761   0.0686529   0.0841677   0.0335165
     4.23445   0.0491043   0.0471262  0.00911135
     4.29129  0.00930887   0.0447602   0.0106745
     4.34813    0.020945   0.0432087   0.0138207
     4.40497   0.0553878   0.0751692   0.0131069
     4.46181   0.0407263   0.0682263   0.0161929
     4.51864    0.181058    0.117563   0.0250116
     4.57548   0.0265303   0.0321932  0.00913755
     4.63232    0.020945   0.0338222   0.0107626
     4.68916   0.0190832  0.00915373  0.00318321
       4.746  0.00395627   0.0403385   0.0233996
     4.80284           0   0.0444499   0.0160497
     4.85967    0.162905   0.0942136   0.0221655
     4.91651           0   0.0266467   0.0164766
     4.97335           0  0.00930887  0.00459163
     5.03019           0  0.00682651  0.00427561
     5.08703           0  0.00100846 0.000838493
     5.14387           0  0.00143512  0.00126806
      5.2007           0 7.75739e-05 4.47873e-05
     5.25754           0 0.000116361 7.25638e-05
     5.31438           0 0.000116361 7.25638e-05
     5.37122           0 0.000155148 0.000105036
     5.42806           0   0.0298272   0.0191931
      5.4849           0  0.00383991  0.00223067
     5.54173           0  0.00244358  0.00145516
     5.59857           0  0.00170663 0.000998969
     5.65541           0 0.000659379 0.000601928
   0.0284191           0           0           0
   0.0852574           0  0.00199476  0.00184679
    0.142096           0  0.00668244  0.00503514
    0.198934           0   0.0249012   0.0147246
    0.255772  0.00418899   0.0463449   0.0203982
    0.312611  0.00302538   0.0219091  0.00822089
    0.369449   0.0020945    0.018385  0.00458168
    0.426287    0.016756   0.0212109  0.00349682
    0.483126   0.0169887    0.032714  0.00699128
    0.539964   0.0237376   0.0429206  0.00944968
    0.596802   0.0728419   0.0771307  0.00837797
     0.65364   0.0635331   0.0909277   0.0121446
    0.710479   0.0474753   0.0859409  0.00987598
    0.767317   0.0304866    0.127166   0.0271367
    0.824155   0.0479407      0.1268   0.0223824
    0.880994   0.0977432    0.146349   0.0261787
    0.937832     0.10007    0.164169   0.0357896
     0.99467   0.0833144    0.216731   0.0281138
     1.05151    0.104725    0.204563    0.023265
     1.10835    0.177567    0.202368   0.0232698
     1.16519     0.16244    0.207854   0.0210684
     1.22202    0.206192    0.209682   0.0111267
     1.27886    0.267863    0.336582   0.0330128
      1.3357    0.239238    0.358791   0.0247448
     1.39254    0.315105    0.283987   0.0146031
     1.44938    0.353039    0.316435   0.0353534
     1.50621    0.324647    0.329534    0.033348
     1.56305    0.299048    0.360154    0.042393
     1.61989    0.360021    0.488284   0.0705411
     1.67673    0.368631    0.384423   0.0359067
     1.73357     0.52409    0.438548   0.0191479
     1.79041    0.429139    0.343398   0.0364075
     1.84724    0.460091    0.370892   0.0494623
     1.90408    0.468935    0.378572   0.0318712
     1.96092    0.361184    0.382927   0.0437681
     2.01776    0.337447    0.400381   0.0476796
      2.0746    0.346988    0.418068   0.0370261
     2.13144    0.550154    0.436919   0.0516286
     2.18827     0.58227    0.532933   0.0396736
     2.24511    0.294393    0.464613   0.0694889
     2.30195    0.299048    0.384623   0.0321671
     2.35879     0.41471    0.372189   0.0455549
     2.41563    0.431699    0.330731    0.035606
     2.47247    0.291368    0.442836   0.0679925
      2.5293    0.726325    0.362015   0.0703734
     2.58614    0.604611    0.396724   0.0478612
     2.64298    0.350479    0.344428   0.0453363
     2.69982    0.481269    0.329667   0.0320967
     2.75666    0.276706     0.28545    0.034516
      2.8135    0.438448    0.345027   0.0306777
     2.87033    0.492905    0.360952   0.0605687
     2.92717    0.205493    0.311781   0.0270313
     2.98401    0.184083    0.229696   0.0302001
     3.04085    0.156855    0.235082   0.0430542
     3.09769    0.512686    0.251705   0.0470443
     3.15453    0.277172    0.226804    0.033377
     3.21136     0.19665    0.307658   0.0727354
      3.2682    0.392834    0.226771   0.0408002
     3.32504    0.242031    0.188538   0.0223881
     3.38188    0.119386    0.188272    0.027555
     3.43872    0.109147    0.185114    0.035901
     3.49556   0.0670239     0.21324   0.0450289
     3.55239     0.10263     0.15476   0.0357174
     3.60923    0.142658     0.13192   0.0224633
     3.66607    0.171749    0.114433   0.0205024
     3.72291   0.0605077   0.0761333   0.0129299
     3.77975    0.217595    0.164867   0.0444572
     3.83659    0.202003     0.12567   0.0224749
     3.89342    0.128928   0.0769312   0.0108589
     3.95026   0.0386318   0.0651289   0.0154625
      4.0071    0.274146    0.112471   0.0348242
     4.06394     0.17268   0.0916592   0.0188323
     4.12078   0.0600422   0.0685532   0.0121971
     4.17761   0.0230395   0.0754351   0.0298444
     4.23445   0.0249012   0.0439512   0.0083446
     4.29129   0.0230395   0.0416572  0.00958995
     4.34813   0.0237376   0.0404271    0.012123
     4.40497   0.0460789   0.0710134    0.011875
     4.46181   0.0400282    0.064198    0.014372
     4.51864   0.0488716     0.10775   0.0232841
     4.57548   0.0430535   0.0337447  0.00796281
     4.63232  0.00930887   0.0303203  0.00977824
     4.68916           0  0.00784605  0.00298501
       4.746  0.00581805    0.035407   0.0205699
     4.80284   0.0144288   0.0401611   0.0143185
     4.85967    0.305564    0.124406   0.0337986
     4.91651           0     0.02284   0.0145559
     4.97335           0  0.00797903  0.00412376
     5.03019           0  0.00585129  0.00377439
     5.08703           0 0.000864395  0.00073098
     5.14387           0   0.0012301  0.00110336
      5.2007           0  6.6492e-05 3.97365e-05
     5.25754           0 9.97379e-05 6.40733e-05
     5.31438           0 9.97379e-05 6.40733e-05
     5.37122           0 0.000132984 9.23394e-05
     5.42806           0   0.0255662   0.0169176
      5.4849           0  0.00329135  0.00197831
     5.54173           0   0.0020945  0.00128847
     5.59857           0  0.00146282  0.00088551
     5.65541           0 0.000565182 0.000523257
   0.0284191           0           0           0
   0.0852574           0  0.00174541  0.00163269
    0.142096           0  0.00584714   0.0044745
    0.198934  0.00255994   0.0221086   0.0131461
    0.255772   0.0095416   0.0417445   0.0183598
    0.312611   0.0416572   0.0243776  0.00755481
    0.369449   0.0411918   0.0212359  0.00481489
    0.426287   0.0609731   0.0261812  0.00556574
    0.483126   0.0758673   0.0381082  0.00792982
    0.539964   0.0474753   0.0434899   0.0082856
    0.596802   0.0495698   0.0736856  0.00800779
     0.65364    0.149175   0.0982086   0.0126217
    0.710479    0.108681   0.0887834  0.00904131
    0.767317   0.0642312    0.119299   0.0248588
    0.824155   0.0695838    0.119648   0.0206958
    0.880994    0.087038    0.138935   0.0239331
    0.937832   0.0812199      0.1538   0.0327835
     0.99467    0.119154    0.204533   0.0271166
     1.05151    0.188737    0.202584   0.0204408
     1.10835    0.277404    0.211748   0.0221709
     1.16519    0.196185    0.206395   0.0184853
     1.22202    0.205726    0.209188  0.00974687
     1.27886     0.20177    0.319731   0.0329073
      1.3357     0.21457    0.340763   0.0274439
     1.39254    0.273448     0.28267    0.012837
     1.44938    0.293695    0.313593   0.0310483
     1.50621    0.266467    0.321651   0.0300969
     1.56305    0.197348    0.339803   0.0416933
     1.61989    0.264605    0.460324    0.067036
     1.67673    0.299746    0.373839   0.0329416
     1.73357    0.233187    0.412878   0.0292796
     1.79041    0.236911    0.330087   0.0342034
     1.84724    0.469633    0.383235    0.044793
     1.90408    0.343032    0.374129   0.0281952
     1.96092     0.38306    0.382944   0.0382971
     2.01776    0.600422    0.425386   0.0478292
      2.0746    0.365606     0.41151   0.0329735
     2.13144    0.516177    0.446826   0.0461158
     2.18827    0.404238    0.516846   0.0378356
     2.24511    0.327207    0.447437   0.0628896
     2.30195    0.388645    0.385126   0.0281502
     2.35879     0.29928    0.363075    0.040762
     2.41563    0.529209    0.355541   0.0388489
     2.47247    0.371424     0.43391   0.0600766
      2.5293    0.482898    0.377126   0.0631781
     2.58614    0.524322    0.412674   0.0444568
     2.64298    0.276241    0.335905   0.0404625
     2.69982    0.316502    0.328021   0.0281268
     2.75666    0.297884    0.287004   0.0302365
      2.8135    0.384456    0.349955    0.027236
     2.87033    0.658137      0.3981   0.0633738
     2.92717    0.207588    0.298757   0.0266056
     2.98401    0.267863    0.234467   0.0267992
     3.04085    0.316036    0.245202   0.0388434
     3.09769    0.321854    0.260474    0.041973
     3.15453    0.292997    0.235078    0.030213
     3.21136    0.264605    0.302277   0.0638422
      3.2682    0.332327    0.239965   0.0377734
     3.32504    0.217362    0.192141   0.0198774
     3.38188    0.314174     0.20401   0.0282497
     3.43872     0.13684    0.179079   0.0319165
     3.49556    0.295557    0.223529   0.0405589
     3.55239    0.158484    0.155225   0.0312557
     3.60923    0.249012    0.146557   0.0239538
     3.66607    0.191763    0.124099   0.0200895
     3.72291     0.12055   0.0816854   0.0124488
     3.77975    0.143589    0.162207   0.0389795
     3.83659   0.0826163    0.120288   0.0202997
     3.89342   0.0863398   0.0781073  0.00956498
     3.95026    0.144753   0.0750819   0.0164235
      4.0071    0.234118    0.127677   0.0336275
     4.06394    0.254132    0.111968   0.0251483
     4.12078    0.114034   0.0742383    0.011924
     4.17761   0.0868052   0.0768564   0.0261476
     4.23445   0.0344428   0.0427626  0.00738568
     4.29129   0.0337447   0.0406681  0.00844206
     4.34813   0.0286248   0.0389518    0.010697
     4.40497  0.00325811    0.062544   0.0130664
     4.46181 0.000930887   0.0562896     0.01459
     4.51864 0.000698166   0.0943687   0.0239116
     4.57548 0.000698166   0.0296139  0.00796719
     4.63232 0.000465444   0.0265885  0.00924069
     4.68916 0.000698166  0.00695257  0.00274234
       4.746 0.000698166   0.0310684   0.0184505
     4.80284 0.000465444   0.0351992   0.0133608
     4.85967    0.266234    0.142135    0.033906
     4.91651   0.0609731   0.0276066   0.0134944
     4.97335 0.000698166  0.00706893  0.00370736
     5.03019 0.000698166  0.00520715   0.0033571
     5.08703 0.000698166 0.000843617 0.000639902
     5.14387  0.00116361  0.00122179 0.000965471
      5.2007  0.00116361 0.000203632 0.000132911
     5.25754  0.00977432  0.00130906  0.00113261
     5.31438   0.0139633  0.00183268  0.00162199
     5.37122  0.00418899 0.000639985 0.000481089
     5.42806           0   0.0223704   0.0151017
      5.4849           0  0.00287993  0.00177328
     5.54173           0  0.00183268   0.0011537
     5.59857           0  0.00127997 0.000793476
     5.65541           0 0.000494534 0.000462594
   0.0284191           0           0           0
   0.0852574    0.016756  0.00341325  0.00213982
    0.142096   0.0179196  0.00718852  0.00417355
    0.198934   0.0195486   0.0218241   0.0116885
    0.255772   0.0202468   0.0393558   0.0164745
    0.312611   0.0255994   0.0245134  0.00671661
    0.369449   0.0304866   0.0222637  0.00438825
    0.426287   0.0095416   0.0243324  0.00524543
    0.483126  0.00977432     0.03496  0.00764818
    0.539964    0.010007   0.0397696  0.00815756
    0.596802   0.0295557   0.0687822   0.0084875
     0.65364   0.0404936   0.0917958   0.0127447
    0.710479   0.0565514   0.0852021   0.0087172
    0.767317    0.117757    0.119128   0.0220973
    0.824155    0.131721     0.12099   0.0184397
    0.880994    0.113568    0.136116   0.0214392
    0.937832    0.113103    0.149278   0.0294511
     0.99467    0.174774    0.201227   0.0243044
     1.05151     0.19665    0.201925   0.0181802
     1.10835    0.263674    0.217517   0.0204444
     1.16519    0.232024    0.209243   0.0166492
     1.22202    0.216897    0.210044  0.00870144
     1.27886    0.177799    0.303961   0.0328128
      1.3357    0.181988    0.323121   0.0295253
     1.39254     0.17873    0.271121   0.0157721
     1.44938    0.274379    0.309236   0.0279025
     1.50621    0.224809    0.310891   0.0286117
     1.56305    0.237376    0.328422   0.0385828
     1.61989    0.247616     0.43669   0.0636175
     1.67673    0.324182    0.368321   0.0297399
     1.73357    0.294626    0.399739    0.028824
     1.79041    0.302306       0.327    0.030542
     1.84724    0.449386    0.390585   0.0404146
     1.90408    0.541544    0.392731   0.0305892
     1.96092    0.615084    0.408737   0.0418356
     2.01776    0.414943    0.424226   0.0425289
      2.0746    0.563187    0.428363   0.0333396
     2.13144    0.485923     0.45117   0.0411959
     2.18827    0.323251    0.495336   0.0392731
     2.24511    0.309055    0.432061   0.0577509
     2.30195    0.473822    0.394981   0.0266918
     2.35879      0.2916    0.355134   0.0369984
     2.41563      0.2411    0.342825   0.0365542
     2.47247    0.219689    0.410108    0.057925
      2.5293    0.196417    0.357047   0.0592631
     2.58614    0.265768    0.396351    0.042408
     2.64298    0.344661    0.336878   0.0359784
     2.69982    0.355832    0.331111   0.0251708
     2.75666    0.476614    0.308072   0.0334201
      2.8135    0.361882    0.351281    0.024242
     2.87033    0.478476    0.407031    0.056958
     2.92717    0.360021    0.305564   0.0245048
     2.98401    0.252503    0.236471   0.0238963
     3.04085    0.416805    0.264269   0.0389269
     3.09769    0.251805    0.259511   0.0373204
     3.15453    0.168491     0.22768   0.0277471
     3.21136    0.183385    0.289066   0.0580993
      3.2682    0.158484    0.230912   0.0346444
     3.32504     0.25739    0.199391   0.0189449
     3.38188    0.301608    0.214854   0.0271124
     3.43872    0.329767    0.195823   0.0324661
     3.49556    0.376777    0.240557   0.0394651
     3.55239    0.208984    0.161199   0.0283479
     3.60923    0.258321    0.158975   0.0242989
     3.66607    0.166396    0.128799   0.0183988
     3.72291    0.218293    0.096864   0.0180898
     3.77975    0.166862    0.162724   0.0346519
     3.83659     0.15476    0.124118   0.0184019
     3.89342    0.108448   0.0814785  0.00907688
     3.95026   0.0821508   0.0758673   0.0146175
      4.0071    0.155924    0.130816   0.0300372
     4.06394   0.0793581    0.108345   0.0226135
     4.12078    0.108216   0.0780135   0.0111808
     4.17761    0.124273    0.082125   0.0237672
     4.23445   0.0740055   0.0462341  0.00733565
     4.29129   0.0465444   0.0413211  0.00752926
     4.34813    0.084478   0.0440103   0.0106374
     4.40497   0.0626022   0.0625505   0.0116146
     4.46181   0.0325811   0.0536553   0.0132046
     4.51864   0.0418899   0.0885377   0.0219542
     4.57548   0.0972777   0.0371321   0.0100198
     4.63232   0.0260648   0.0265303  0.00821413
     4.68916   0.0134979  0.00767982  0.00253223
       4.746   0.0127997   0.0290385   0.0165118
     4.80284  0.00581805   0.0319346   0.0122686
     4.85967   0.0358392    0.130324   0.0321299
     4.91651   0.0947178   0.0350634   0.0139034
     4.97335   0.0674893   0.0137823  0.00713594
     5.03019   0.0232722  0.00721438  0.00353357
     5.08703   0.0200141  0.00297367  0.00208723
     5.14387   0.0158251  0.00284438  0.00175407
      5.2007   0.0882016  0.00998118  0.00921912
     5.25754   0.0418899  0.00581805   0.0043687
     5.31438  0.00674893  0.00237893  0.00153099
     5.37122  0.00628349  0.00126704 0.000729645
     5.42806  0.00628349    0.020583   0.0135291
      5.4849  0.00628349  0.00325811  0.00161607
     5.54173  0.00698166  0.00240479  0.00115871
     5.59857    0.010007  0.00224964  0.00115467
     5.65541  0.00628349  0.00113775 0.000732694
   0.0284191           0           0           0
   0.0852574           0  0.00307193  0.00195287
    0.142096  0.00395627  0.00686529  0.00376869
    0.198934  0.00488716   0.0201304   0.0106417
    0.255772  0.00442172   0.0358624   0.0151929
    0.312611  0.00511988    0.022574  0.00631873
    0.369449  0.00558532   0.0205959  0.00425458
    0.426287   0.0311847   0.0250176  0.00476543
    0.483126   0.0160578   0.0330698   0.0071131
    0.539964   0.0127997   0.0370726  0.00777486
    0.596802   0.0158251   0.0634865  0.00914279
     0.65364    0.014196   0.0840359   0.0136295
    0.710479   0.0114034   0.0778222   0.0105151
    0.767317   0.0137306    0.108588   0.0222597
    0.824155   0.0153596    0.110427   0.0193865
    0.880994   0.0316502     0.12567   0.0216916
    0.937832   0.0651621    0.140867   0.0276811
     0.99467   0.0882016    0.189924   0.0243607
     1.05151   0.0998377    0.191716   0.0190136
     1.10835   0.0626022    0.202026   0.0235488
     1.16519   0.0565514    0.193974   0.0208413
     1.22202   0.0521297    0.194253   0.0169045
     1.27886   0.0712129    0.280686   0.0368735
      1.3357   0.0842453    0.299234   0.0349237
     1.39254   0.0958814    0.253597   0.0218604
     1.44938    0.136142    0.291926   0.0300046
     1.50621    0.111939    0.290995   0.0319268
     1.56305    0.108681    0.306448   0.0405014
     1.61989   0.0935542    0.402376   0.0658627
     1.67673    0.103096    0.341799   0.0367357
     1.73357    0.147313    0.374496   0.0353049
     1.79041    0.154295     0.30973   0.0320004
     1.84724    0.134979    0.365024   0.0437152
     1.90408    0.154527    0.368911   0.0356172
     1.96092    0.217362      0.3896   0.0418007
     2.01776      0.2155    0.403353   0.0430947
      2.0746    0.240867    0.409614   0.0348816
     2.13144    0.271819    0.433235   0.0407941
     2.18827    0.350479     0.48085   0.0379233
     2.24511    0.375148     0.42637   0.0522555
     2.30195    0.374217    0.392904   0.0241032
     2.35879    0.408194     0.36044   0.0336769
     2.41563    0.376544    0.346197   0.0330539
     2.47247    0.372588    0.406356   0.0522539
      2.5293    0.338843    0.355227   0.0533648
     2.58614    0.341868    0.390903   0.0385156
     2.64298    0.358392    0.339029   0.0324448
     2.69982    0.363977    0.334398   0.0228672
     2.75666    0.480338    0.325299   0.0342311
      2.8135    0.705147    0.386667   0.0400376
     2.87033    0.930655    0.459393   0.0713825
     2.92717     1.07238    0.382246   0.0760164
     2.98401     1.22644    0.335469   0.0963481
     3.04085    0.841289    0.321971   0.0649921
     3.09769    0.634865    0.297046    0.048951
     3.15453    0.599026    0.264814   0.0431822
     3.21136    0.452644    0.305424   0.0545435
      3.2682    0.466607    0.254481   0.0383687
     3.32504    0.447059    0.224158   0.0290305
     3.38188    0.381664    0.231535   0.0290834
     3.43872    0.327905    0.209031    0.031793
     3.49556    0.271354    0.243636   0.0356385
     3.55239    0.222017     0.16728   0.0261574
     3.60923    0.226671    0.165744   0.0227926
     3.66607    0.182221    0.134141   0.0173172
     3.72291    0.164534    0.103631   0.0175008
     3.77975     0.16244    0.162696   0.0311867
     3.83659    0.171516    0.128858   0.0171613
     3.89342     0.14196   0.0875267   0.0099829
     3.95026    0.120084    0.080289   0.0138083
      4.0071   0.0944851    0.127182   0.0272523
     4.06394   0.0900634    0.106517    0.020426
     4.12078   0.0754019   0.0777524   0.0100658
     4.17761   0.0628349   0.0801959   0.0214686
     4.23445   0.0523624   0.0468469  0.00662763
     4.29129   0.0523624   0.0424252  0.00685681
     4.34813   0.0458462   0.0441939  0.00957528
     4.40497   0.0288575   0.0591812   0.0109309
     4.46181   0.0109379   0.0493836   0.0125561
     4.51864   0.0109379   0.0807778   0.0210857
     4.57548   0.0160578   0.0350246  0.00923681
     4.63232   0.0134979    0.025227  0.00749539
     4.68916   0.0211777  0.00902961  0.00261412
       4.746   0.0132651   0.0274612   0.0149357
     4.80284   0.0127997   0.0300211     0.01119
     4.85967   0.0118688    0.118479   0.0310237
     4.91651   0.0160578   0.0331629   0.0126423
     4.97335   0.0325811   0.0156622  0.00666536
     5.03019   0.0179196   0.0082849  0.00333844
     5.08703   0.0200141  0.00467771  0.00247834
     5.14387  0.00837799  0.00339774  0.00166366
      5.2007  0.00349083  0.00933215  0.00832002
     5.25754           0  0.00523624  0.00397038
     5.31438 0.000232722  0.00216431  0.00139286
     5.37122           0  0.00114034 0.000667591
     5.42806 0.000232722   0.0185479   0.0123283
      5.4849 0.000232722  0.00295557  0.00148251
     5.54173           0  0.00216431  0.00106751
     5.59857 0.000232722  0.00204795  0.00105667
     5.65541 0.000232722  0.00104725  0.00066499
