#     BLOCK:   ACTUAL_TE:    TE_AVE:      ERROR:
           1     2.68654     2.68654           0
           2     2.68994     2.68824  0.00120119
           3     2.69126     2.68925  0.00114834
           4     2.69128     2.68976 0.000967486
           5     2.69154     2.69011 0.000836929
           6     2.69181      2.6904 0.000743802
           7     2.69178     2.69059 0.000663355
           8      2.6923     2.69081 0.000613599
           9     2.69184     2.69092 0.000555974
          10     2.69224     2.69105 0.000515736
